37.766418 -122.42226
37.766536 -122.420109
37.7665961 -122.4210799
37.7666448 -122.4111035
37.7666804 -122.4198536
37.7667285 -122.4190918
37.7667706 -122.3908298
37.7671451 -122.4067016
37.7683693 -122.4077484
37.7687654 -122.389556
37.7687697 -122.4222851
37.7691756 -122.4316238
37.7694349 -122.4108778
37.7696267 -122.4264212
37.7696568 -122.4265216
37.7700212 -122.4469617
37.7700747 -122.4069986
37.7701952 -122.4201969
37.7701952 -122.4201969
37.7702198 -122.4453661
37.7704789 -122.4433505
37.7714108 -122.4228131
37.7714108 -122.4228131
37.7715853 -122.4112864
37.7716881 -122.4240297
37.77189 -122.4339618
37.7720585 -122.4323249
37.772205 -122.4373076
37.7723435 -122.4306506
37.7723465 -122.4371288
37.772374 -122.4193178
37.7726754 -122.4272975
37.772851 -122.4270319
37.7736447 -122.4409359
37.7737855 -122.4116385
37.7737855 -122.4116385
37.7738925631 -122.419664998
37.7739274525 -122.412933062
37.7739274525 -122.412933062
37.7742808 -122.4047751
37.7743786 -122.442788
37.7745155 -122.413774
37.77481 -122.440797
37.7748170646 -122.412845032
37.7748284841 -122.4165665
37.7748284841 -122.4165665
37.7749926445 -122.413163134
37.7751225 -122.4193352
37.7751225 -122.4193352
37.7752215 -122.4192058
37.7752215 -122.4192058
37.7752362231 -122.414406295
37.7752838 -122.4159371
37.7752838 -122.4159371
37.7752838 -122.4159371
37.7752838 -122.4159371
37.7754374 -122.4106292
37.7754374 -122.4106292
37.7755105 -122.4083262
37.7755105 -122.4083262
37.7755105 -122.4083262
37.7755105 -122.4083262
37.7755213 -122.4063236
37.7755213 -122.4063236
37.7756336734 -122.412447373
37.7758002573 -122.414177162
37.7758039 -122.4142106
37.7758039 -122.4142106
37.7758984462 -122.418480565
37.7759045 -122.4100241
37.7759634295 -122.414474354
37.7759647 -122.3980308
37.7762132 -122.4246118
37.7762179 -122.4147447
37.7762179 -122.4147447
37.7762209908 -122.411609761
37.7762289 -122.4116158
37.7764708 -122.401996
37.7764749 -122.4174212
37.7764749 -122.4174212
37.7764944809 -122.411359138
37.7765026 -122.394081
37.7765026 -122.394081
37.7765026 -122.394081
37.776508037 -122.414457765
37.776662 -122.4121922
37.7767084 -122.3942045
37.7767084 -122.3942045
37.7770741923 -122.41699109
37.7773009526 -122.419697722
37.7773996402 -122.407016491
37.7774983 -122.4163249
37.7775227 -122.4193399
37.7775227 -122.4193399
37.777618 -122.4248359
37.7777124404 -122.412736707
37.7777816676 -122.40662922
37.7777816676 -122.40662922
37.7777835 -122.4197324
37.7777835 -122.4197324
37.7778192 -122.4003128
37.7779162 -122.3910323
37.7779162 -122.3910323
37.7779266 -122.4096371
37.7779266 -122.4096371
37.7782213 -122.4350777
37.7782551 -122.4433964
37.7782935201 -122.41544876
37.7783657 -122.4102889
37.7783657 -122.4102889
37.7784926 -122.41827
37.7784926 -122.41827
37.7786617944 -122.406969944
37.7787183 -122.4147847
37.7787183 -122.4147847
37.7787183 -122.4147847
37.7787192628 -122.414743835
37.7787392 -122.3943558
37.7787958771 -122.422536478
37.7788511 -122.3927632
37.7788979 -122.4149679
37.7788979 -122.4149679
37.7791387543 -122.416607695
37.7791674219 -122.406346426
37.7791674219 -122.406346426
37.7791674219 -122.406346426
37.7792099 -122.410957
37.7792099 -122.410957
37.7792099 -122.410957
37.7792099 -122.410957
37.7792143 -122.4109628
37.7792143 -122.4109628
37.7793193 -122.4076958
37.7793193 -122.4076958
37.779379 -122.407102
37.779379 -122.407102
37.7795140301 -122.413564092
37.7795140301 -122.413564092
37.7795140301 -122.413564092
37.7796660426 -122.413711221
37.7796662 -122.4322741
37.7798782 -122.3929678
37.7798911 -122.4317277
37.780006442 -122.411935616
37.7800745746 -122.420250483
37.780167 -122.4077404
37.780167 -122.4077404
37.7802607511 -122.418600975
37.7803313209 -122.406508487
37.7804339 -122.4215731
37.7804777481 -122.412515341
37.7807008319 -122.408466556
37.7807008319 -122.408466556
37.7807008319 -122.408466556
37.7807008319 -122.408466556
37.7807008319 -122.408466556
37.7807062 -122.4153337
37.7807062 -122.4153337
37.7807179286 -122.415317967
37.7807486 -122.408787
37.7807486 -122.408787
37.7807486 -122.408787
37.7807486 -122.408787
37.7807486 -122.408787
37.7807486 -122.408787
37.7807486 -122.408787
37.7807486 -122.408787
37.7807486 -122.408787
37.7807486 -122.408787
37.7807486 -122.408787
37.7807486 -122.408787
37.7807486 -122.408787
37.7807486 -122.408787
37.7808347556 -122.420243933
37.7809039697 -122.411979487
37.7809129 -122.4125538
37.7809129 -122.4125538
37.7809129 -122.4125538
37.7809129 -122.4125538
37.7809129 -122.4125538
37.7809129 -122.4125538
37.7809129 -122.4125538
37.7809129 -122.4125538
37.7809129 -122.4125538
37.7809129 -122.4125538
37.7809514 -122.4119466
37.7809514 -122.4119466
37.7809706722 -122.408710607
37.7809706722 -122.408710607
37.7809745 -122.4087337
37.7809745 -122.4087337
37.7809745 -122.4087337
37.7809745 -122.4087337
37.7809745 -122.4087337
37.7809745 -122.4087337
37.7809745 -122.4087337
37.7810558831 -122.409776479
37.7810909 -122.4140304
37.7810909 -122.4140304
37.7811340568 -122.409011207
37.7812086 -122.4116322
37.7812086 -122.4116322
37.7812116508 -122.40891323
37.7812707434 -122.411339563
37.7812707434 -122.411339563
37.7812707434 -122.411339563
37.7814229318 -122.413706518
37.7814355 -122.4323506
37.7815262717 -122.409504309
37.7815262717 -122.409504309
37.7815506 -122.4239572
37.7815506 -122.4239572
37.781588 -122.4321368
37.781588 -122.4321368
37.7816542806 -122.415508243
37.7816678 -122.4155242
37.7816678 -122.4155242
37.7818633169 -122.414302053
37.7818633169 -122.414302053
37.7818633169 -122.414302053
37.7818775 -122.4138801
37.7818775 -122.4138801
37.7818775 -122.4138801
37.7818775 -122.4138801
37.7818775 -122.4138801
37.7818775 -122.4138801
37.7818775 -122.4138801
37.7818775 -122.4138801
37.7818775 -122.4138801
37.7818775 -122.4138801
37.7818775 -122.4138801
37.7818775 -122.4138801
37.7819503 -122.4111723
37.7819503 -122.4111723
37.7820395 -122.4011837
37.7820851 -122.4122427
37.7820851 -122.4122427
37.7820851 -122.4122427
37.7820851 -122.4122427
37.7820851 -122.4122427
37.7820851 -122.4122427
37.7820851 -122.4122427
37.7820851 -122.4122427
37.7822028 -122.4103419
37.7822028 -122.4103419
37.7822109 -122.4103562
37.7822109 -122.4103562
37.7822109 -122.4103562
37.7822109 -122.4103562
37.7822158 -122.4071711
37.7823291238 -122.414029822
37.7823999 -122.4188759
37.7823999 -122.4188759
37.7824311 -122.393246
37.7824311 -122.393246
37.7824465136 -122.416342978
37.7824533533 -122.420576428
37.7825851968 -122.415694922
37.7825944 -122.4157183
37.7825944 -122.4157183
37.7826427 -122.430705
37.7826911213 -122.409536663
37.7826911213 -122.409536663
37.7827442 -122.4064991
37.7827442 -122.4064991
37.7827442 -122.4064991
37.7827442 -122.4064991
37.7827442 -122.4064991
37.7827442 -122.4064991
37.7827931071 -122.414056292
37.7827943 -122.4140676
37.7828635 -122.4155364
37.7828635 -122.4155364
37.7828635 -122.4155364
37.7828635 -122.4155364
37.7829102 -122.4207636
37.7829102 -122.4207636
37.7829102 -122.4207636
37.7829102 -122.4207636
37.7829995 -122.4223485
37.7829995 -122.4223485
37.7829995 -122.4223485
37.7830037965 -122.412414264
37.7830037965 -122.412414264
37.7830039 -122.4275751
37.7830119 -122.4124237
37.7830119 -122.4124237
37.7830500141 -122.420025956
37.7830500141 -122.420025956
37.7830500141 -122.420025956
37.7830529511 -122.411593096
37.7830589 -122.4428501
37.7830689 -122.4430699
37.7830871 -122.434386
37.7831079 -122.419195
37.7831079 -122.419195
37.783214519 -122.410768766
37.7832583771 -122.418382009
37.7832583771 -122.418382009
37.7832583771 -122.418382009
37.7832887 -122.4105808
37.7832887 -122.4105808
37.7833197 -122.4175497
37.7833197 -122.4175497
37.7833794 -122.4190445
37.7833862379 -122.40985373
37.7833862379 -122.40985373
37.7833939651 -122.422536931
37.7833939651 -122.422536931
37.7833939651 -122.422536931
37.7834237 -122.4195169
37.7834237 -122.4195169
37.7834951 -122.408729
37.7834951 -122.408729
37.7835369 -122.4075023
37.7835369 -122.4075023
37.783562 -122.4141747
37.783562 -122.4141747
37.7835633 -122.4324574
37.7835633 -122.4324574
37.7836778741 -122.410928353
37.7837069302 -122.408595111
37.7837240254 -122.414242956
37.7837998724 -122.409268441
37.7838225 -122.4211214
37.7838225 -122.4211214
37.7838225 -122.4211214
37.783838 -122.4144901
37.783838 -122.4144901
37.7839383 -122.4126292
37.7839383 -122.4126292
37.7839383 -122.4126292
37.7839383 -122.4126292
37.7839383 -122.4126292
37.7839383 -122.4126292
37.7839383 -122.4126292
37.7839383 -122.4126292
37.7839383 -122.4126292
37.7839383 -122.4126292
37.7839916768 -122.408068345
37.7840296 -122.4082238
37.7840296 -122.4082238
37.7840296 -122.4082238
37.7840296 -122.4082238
37.7840296 -122.4082238
37.7840296 -122.4082238
37.7840296 -122.4082238
37.7840296 -122.4082238
37.7840296 -122.4082238
37.7840296 -122.4082238
37.7841313 -122.3958947
37.7841313 -122.3958947
37.784139951 -122.410955249
37.7841893501 -122.407633521
37.7841893501 -122.407633521
37.7841893501 -122.407633521
37.7841893501 -122.407633521
37.7842266 -122.4112498
37.7842266 -122.4112498
37.7842973843 -122.410157074
37.7843643 -122.4093409
37.7843643 -122.4093409
37.7843664 -122.4093244
37.7843664 -122.4093244
37.7843664 -122.4093244
37.7843664 -122.4093244
37.7843757 -122.4093264
37.7843757 -122.4093264
37.784516 -122.4042942
37.784516 -122.4042942
37.78453 -122.4329762
37.7845959 -122.4073408
37.7845959 -122.4073408
37.7845959 -122.4073408
37.7846684 -122.4144517
37.7846969079 -122.413609329
37.7846969079 -122.413609329
37.7847476 -122.4077933
37.7847476 -122.4077933
37.7847476 -122.4077933
37.7847476 -122.4077933
37.7848053746 -122.413631253
37.7848729 -122.412823
37.7848729 -122.412823
37.7849566 -122.4433842
37.7849590113 -122.419549569
37.785007504 -122.418729601
37.7850244 -122.4004996
37.7850244 -122.4004996
37.7850244 -122.4004996
37.7850244 -122.4004996
37.7850629422 -122.406520987
37.785119984 -122.414593832
37.7851485 -122.430028
37.7851704 -122.4330977
37.7852071918 -122.406690592
37.7853238292 -122.417107256
37.7853703 -122.4327894
37.7853823 -122.4177471
37.7853823 -122.4177471
37.7853823 -122.4177471
37.7853823 -122.4177471
37.7853919 -122.4162884
37.7853919 -122.4162884
37.7854 -122.4181974
37.7854 -122.4181974
37.7854109 -122.40591
37.785468 -122.4157087
37.785468 -122.4157087
37.7854922045 -122.407854235
37.7854928 -122.4062062
37.7854928 -122.4062062
37.7854928 -122.4062062
37.7855207 -122.4065459
37.7855207 -122.4065459
37.7855207 -122.4065459
37.7855207 -122.4065459
37.7855207 -122.4065459
37.7855207 -122.4065459
37.7855207 -122.4065459
37.7855278108 -122.422215378
37.7856297942 -122.413798416
37.7856499 -122.4180244
37.7856499 -122.4180244
37.7856642 -122.4148282
37.7856642 -122.4148282
37.7856808 -122.4076639
37.7856808 -122.4076639
37.7857355 -122.405892
37.7857355 -122.405892
37.7857355 -122.405892
37.785738295 -122.41382007
37.7858067 -122.4130095
37.7858827 -122.4127856
37.7858827 -122.4127856
37.7858827 -122.4127856
37.7858827 -122.4127856
37.7859083 -122.419755
37.7859083 -122.419755
37.7859083 -122.419755
37.7859083 -122.419755
37.7859083 -122.419755
37.7859083 -122.419755
37.7859507768 -122.408014493
37.7859507768 -122.408014493
37.7859507768 -122.408014493
37.7859680077 -122.407877788
37.7859680077 -122.407877788
37.7859806 -122.397275
37.7859806 -122.397275
37.7860432223 -122.410509259
37.786049223 -122.418940111
37.7860688365 -122.41464541
37.7861089 -122.4114866
37.7861089 -122.4114866
37.7861371252 -122.419858277
37.7861371252 -122.419858277
37.7861867 -122.440126
37.7862077 -122.402001
37.7862077 -122.402001
37.7862423 -122.4183767
37.7862423 -122.4183767
37.7862423 -122.4183767
37.7862423 -122.4183767
37.7862697 -122.4020776
37.7862697 -122.4020776
37.7863753 -122.4198512
37.7863753 -122.4198512
37.7864220857 -122.40979743
37.7866266269 -122.423329395
37.7866336 -122.4216921
37.7866336 -122.4216921
37.7866336 -122.4216921
37.7866413 -122.407902
37.7866413 -122.407902
37.7868363 -122.4048671
37.7868363 -122.4048671
37.7868385 -122.419944
37.7868385 -122.419944
37.7868432 -122.4199449
37.7868432 -122.4199449
37.7869391911 -122.41195587
37.7869391911 -122.41195587
37.7870715 -122.3909973
37.7870715 -122.3909973
37.7870966496 -122.410721626
37.7872223 -122.4333313
37.7872223 -122.4333313
37.7872360477 -122.420815203
37.7872360477 -122.420815203
37.7872439 -122.4101745
37.7872439 -122.4101745
37.7872575 -122.4254455
37.7872575 -122.4254455
37.7872608 -122.4399875
37.7872608 -122.4399875
37.7873111 -122.4200353
37.7873111 -122.4200353
37.7873796 -122.4082481
37.7873796 -122.4082481
37.7875024832 -122.414179437
37.7875024832 -122.414179437
37.7875515 -122.423332
37.7875515 -122.423332
37.7875515 -122.423332
37.7875852 -122.3992878
37.7875852 -122.3992878
37.7875949239 -122.444604466
37.787654 -122.4034594
37.787654 -122.4034594
37.7876621 -122.4455959
37.7876621 -122.4455959
37.7877046349 -122.420963777
37.7877046349 -122.420963777
37.7877194 -122.4037018
37.7877194 -122.4037018
37.7877194 -122.4037018
37.7877194 -122.4037018
37.7877356891 -122.41834667
37.7877692 -122.4201473
37.7878271137 -122.408384276
37.7879142 -122.4052705
37.7879142 -122.4052705
37.7880158477 -122.417650682
37.7880185558 -122.426077177
37.7880203 -122.3936186
37.7880203 -122.3936186
37.7880338 -122.3936354
37.7880338 -122.3936354
37.7880437 -122.3889836
37.7881592 -122.4081663
37.788226672 -122.416010947
37.788226672 -122.416010947
37.7882277 -122.4406831
37.7882277 -122.4406831
37.7882445 -122.420226
37.7882445 -122.420226
37.7884977 -122.4371527
37.7884977 -122.4371527
37.788755111 -122.412740323
37.788755111 -122.412740323
37.7887594215 -122.408568445
37.7887802 -122.4070931
37.7887802 -122.4070931
37.788804 -122.4053893
37.788804 -122.4053893
37.7888925 -122.4022742
37.7888925 -122.4022742
37.7889098399 -122.418658295
37.7889098399 -122.418658295
37.7889098399 -122.418658295
37.7889098399 -122.418658295
37.7889111 -122.4036876
37.7889111 -122.4036876
37.7890096 -122.4222336
37.7890096 -122.4222336
37.7890096 -122.4222336
37.7890096 -122.4222336
37.7890743 -122.4117544
37.7890743 -122.4117544
37.7891174 -122.417045
37.7891174 -122.417045
37.7891174 -122.417045
37.789152 -122.3976135
37.789152 -122.3976135
37.7891998 -122.4238079
37.7891998 -122.4238079
37.7891998 -122.4238079
37.7892367 -122.3951636
37.7892367 -122.3951636
37.789264 -122.3925242
37.789264 -122.3925242
37.7893292 -122.4153945
37.7893292 -122.4153945
37.7893292 -122.4153945
37.7893799 -122.4167294
37.7893799 -122.4167294
37.7893799 -122.4167294
37.7894904 -122.4089861
37.7894904 -122.4089861
37.7894904 -122.4089861
37.7895952774 -122.417044293
37.7895952774 -122.417044293
37.7895952774 -122.417044293
37.7895952774 -122.417044293
37.7896344 -122.4205228
37.7896344 -122.4205228
37.7896344 -122.4205228
37.7896541 -122.4070455
37.7896541 -122.4070455
37.7896689412 -122.419672955
37.7896689412 -122.419672955
37.7898148 -122.4217291
37.7898148 -122.4217291
37.7898148 -122.4217291
37.7898148 -122.4217291
37.7898274 -122.4038894
37.7898274 -122.4038894
37.7900918964 -122.431565622
37.7902802866 -122.414916875
37.7902802866 -122.414916875
37.7903200915 -122.405618748
37.7905502462 -122.435030889
37.790658715 -122.4350528
37.7907213 -122.4342271
37.7907507 -122.3901449
37.7907507 -122.3901449
37.7908052 -122.4344391
37.7908385 -122.4205787
37.7908385 -122.4205787
37.7908385 -122.4205787
37.7908385 -122.4205787
37.7908413 -122.3995229
37.7908413 -122.3995229
37.7908413 -122.3995229
37.7908413 -122.3995229
37.7909741244 -122.41739283
37.7910545718 -122.420713728
37.7910545718 -122.420713728
37.7911874 -122.4007825
37.7911874 -122.4007825
37.7912111 -122.4177506
37.7912111 -122.4177506
37.7912167 -122.4157727
37.7912167 -122.4157727
37.7912167 -122.4157727
37.7915269 -122.4208971
37.7915269 -122.4208971
37.7916933 -122.4042585
37.7916933 -122.4042585
37.7916933 -122.4042585
37.7917188 -122.3983224
37.7917188 -122.3983224
37.7921647065 -122.404389315
37.792347263 -122.406317303
37.792444 -122.3974215
37.7925566 -122.4060797
37.7925566 -122.4060797
37.7929152772 -122.406103946
37.7931409 -122.4025849
37.7932409 -122.4144904
37.7937713 -122.3963782
37.7937977 -122.4029893
37.7937977 -122.4029893
37.7937977 -122.4029893
37.7938511492 -122.409543627
37.7938511492 -122.409543627
37.7940042 -122.3980029
37.7940042 -122.3980029
37.7940416 -122.4049292
37.7941426476 -122.417957353
37.7942375 -122.4146219
37.7942375 -122.4146219
37.7942850258 -122.406574058
37.7944139 -122.3935521
37.794421 -122.406005
37.794421 -122.406005
37.7944625 -122.4048118
37.7944625 -122.4048118
37.7946692 -122.404478
37.7946692 -122.404478
37.795 -122.4003651
37.7953329 -122.4049789
37.7953329 -122.4049789
37.7953511 -122.398003
37.7953821757 -122.408236209
37.7953923 -122.3980215
37.7954592 -122.4004568
37.7955599 -122.4184771
37.7957551 -122.4233565
37.7962718676 -122.426893458
37.7965665 -122.4024405
37.79671 -122.4084554
37.7967103 -122.4084529
37.7968082638 -122.408035995
37.796909 -122.4068635
37.797058554 -122.406030209
37.7970944 -122.4355125
37.7970989 -122.3983614
37.7970989 -122.3983614
37.7972783316 -122.40592677
37.7973093 -122.4338712
37.7974867 -122.4069752
37.7980203 -122.4055234
37.7980203 -122.4055234
37.798204 -122.40676
37.798204 -122.40676
37.798204 -122.40676
37.7992741 -122.4042775
37.7993358 -122.404001
