40.7193198 -73.9904597
40.7196799 -73.9922098
40.7198301 -73.9875401
40.7198324 -73.98754
40.7198324 -73.98754
40.7198324 -73.98754
40.7198324 -73.98754
40.7200774 -73.9883413
40.7200802 -73.9883501
40.7200802 -73.9883501
40.72016 -73.9791998
40.7203102 -73.9891098
40.7203102 -73.9891098
40.72039 -73.9749599
40.7204592 -73.9896049
40.7206401 -73.9813703
40.7206621 -73.9782266
40.7212403 -73.9877701
40.7212436 -73.9877628
40.7212503 -73.99224
40.7212503 -73.99224
40.7212503 -73.99224
40.7212791 -73.9777873
40.7212791 -73.9777873
40.72154 -73.9837897
40.72154 -73.9837897
40.7215427 -73.9837991
40.7215953 -73.9747563
40.7215997 -73.97476
40.7216801 -73.9805999
40.7216801 -73.9805999
40.7216801 -73.9805999
40.7217901 -73.98465
40.72189 -73.9773497
40.7220402 -73.9855003
40.7220402 -73.9855003
40.7222801 -73.9801626
40.7222949 -73.9863108
40.722405 -73.9871788
40.7226699 -73.9829602
40.7230154 -73.9857331
40.7230997 -73.9894398
40.723289 -73.9884615
40.723289 -73.9884615
40.7235768 -73.9910343
40.7235768 -73.9910343
40.7241783 -73.973506
40.7241783 -73.973506
40.7242788 -73.9848326
40.7244911 -73.9816318
40.7245803 -73.9874998
40.7246903 -73.9784098
40.7246956 -73.9784071
40.7246956 -73.9784071
40.7246956 -73.9784071
40.7248604 -73.9843993
40.7250617 -73.9812037
40.72522 -73.9921997
40.72522 -73.9921997
40.72522 -73.9921997
40.7258698 -73.9775502
40.7258698 -73.9775502
40.7263849 -73.9917826
40.7277654 -73.9912287
40.7277654 -73.9912287
40.72787 -73.9931499
40.7281897 -73.9848767
40.7281897 -73.9848767
40.7287435 -73.9785307
40.7289302 -73.9903598
40.7290898 -73.98132
40.7291903 -73.9872397
40.7291903 -73.9872397
40.7291903 -73.9872397
40.7291903 -73.9872397
40.729436 -73.9780235
40.729436 -73.9780235
40.7295662 -73.9899021
40.7295662 -73.9899021
40.7295799 -73.9932599
40.7298502 -73.99144
40.7298502 -73.99144
40.7298814 -73.9907164
40.7298814 -73.9907164
40.7300802 -73.9928301
40.7301298 -73.98948
40.7301298 -73.98948
40.7305783 -73.990524
40.7305783 -73.990524
40.73132 -73.9886103
40.73132 -73.9886103
40.7313502 -73.98258
40.7313502 -73.98258
40.7313998 -73.9822803
40.7313998 -73.9822803
40.7320402 -73.9820798
40.7320402 -73.9820798
40.7332883 -73.9871711
40.7332883 -73.9871711
40.7335201 -73.9898602
40.7335201 -73.9898602
40.7339197 -73.9827503
40.7339801 -73.9866798
40.7344352 -73.9899006
40.7348498 -73.9831198
40.7352099 -73.9916901
40.7352099 -73.9916901
40.7365556 -74.0011056
40.7366858 -73.9931138
40.7366858 -73.9931138
40.7366858 -73.9931138
40.7369537 -73.9845025
40.73696 -73.9845099
40.7370003 -73.9748298
40.7371002 -73.9903202
40.7371699 -74.0014601
40.7372202 -73.9813898
40.7373597 -73.99684
40.7375501 -73.98408
40.7375501 -73.98408
40.7375501 -73.98408
40.7375501 -73.98408
40.7375501 -73.98408
40.7377143 -73.9880824
40.7381368 -74.0038685
40.7381697 -73.9836301
40.7382897 -73.9876702
40.7385537 -73.9996788
40.7385537 -73.9996788
40.7387539 -74.0023881
40.7387539 -74.0023881
40.7387539 -74.0023881
40.7391702 -73.9799702
40.739407 -74.0038416
40.739407 -74.0038416
40.7394203 -73.9766899
40.7394203 -73.9766899
40.7394203 -73.9766899
40.7394203 -73.9766899
40.7394203 -73.9766899
40.7396697 -73.9909398
40.7396697 -73.9909398
40.7396697 -73.9909398
40.7396697 -73.9909398
40.7397478 -74.0025231
40.7397898 -73.9795203
40.7397911 -73.9795177
40.74017 -73.9842698
40.740263 -73.9905248
40.7403101 -74.0079597
40.7406361 -73.9758018
40.7407299 -74.0089602
40.7408298 -73.9858201
40.7408803 -73.9900618
40.7412627 -73.9753399
40.7413514 -73.9891239
40.7416218 -73.9937405
40.7419656 -73.9808468
40.74214 -74.0082099
40.7422386 -73.9932837
40.7422549 -74.0007046
40.7422836 -74.0044321
40.7422902 -74.00443
40.7428099 -73.9965798
40.742859 -74.0039643
40.742859 -74.0039643
40.742859 -74.0039643
40.7428602 -74.00397
40.7428602 -74.00397
40.7428602 -74.00397
40.7428713 -73.9772557
40.7428713 -73.9772557
40.7429032 -73.9928081
40.7429032 -73.9928081
40.7429032 -73.9928081
40.7433001 -73.9840197
40.7433529 -73.9841294
40.7433529 -73.9841294
40.7434201 -73.9998501
40.7434503 -74.0035401
40.7435703 -73.9923198
40.7435733 -73.9923205
40.7438198 -73.9795102
40.7440091 -73.9856951
40.7440091 -73.9856951
40.7440102 -73.9994203
40.7440416 -74.0031129
40.7440509 -73.9877432
40.7440581 -74.0068135
40.7440626 -73.98774
40.7441799 -73.9918698
40.7441799 -73.9918698
40.7441799 -73.9918698
40.7445336 -73.9888716
40.7445399 -73.9888698
40.7446789 -73.9872939
40.7448001 -73.9914199
40.74512 -73.9806602
40.7452843 -73.9887304
40.7452896 -73.998487
40.7453801 -73.9947103
40.7458603 -73.9843402
40.7459602 -73.998
40.7459602 -73.998
40.7459608 -73.9979967
40.7460369 -73.9885882
40.7460381 -73.9905192
40.7460608 -73.9749285
40.7463824 -73.9817494
40.7463824 -73.9817494
40.74639 -73.97764
40.7464799 -73.9839003
40.7466602 -73.9900701
40.7466602 -73.9900701
40.7467903 -73.98845
40.7467903 -73.98845
40.7470652 -73.979239
40.7471493 -73.9854982
40.7471497 -73.9855003
40.7471497 -73.9855003
40.7472365 -73.9933634
40.7472467 -73.9758416
40.74777 -73.9850503
40.74777 -73.9850503
40.74777 -73.9850503
40.7477801 -74.0003899
40.747855 -73.9929143
40.7482008 -74.0074767
40.7482008 -74.0074767
40.7482731 -73.9881618
40.7482731 -73.9881618
40.7482731 -73.9881618
40.7482803 -73.9881697
40.7482803 -73.9881697
40.7482997 -73.9783401
40.7484328 -73.9961991
40.7484328 -73.9961991
40.7484375 -73.9845642
40.7484375 -73.9845642
40.7484375 -73.9845642
40.7484464 -73.9845627
40.7484725 -73.9924659
40.7484725 -73.9924659
40.7484725 -73.9924659
40.7484725 -73.9924659
40.7484725 -73.9924659
40.7484725 -73.9924659
40.7485103 -73.9887102
40.7485103 -73.9887102
40.7485103 -73.9887102
40.7488201 -74.0009598
40.7488201 -74.0009598
40.7489197 -73.9778866
40.7489197 -73.9778866
40.74903 -73.9880403
40.74903 -73.9880403
40.7490369 -73.9880405
40.7490369 -73.9880405
40.7490501 -73.9957503
40.7490501 -73.9957503
40.7490512 -73.9820192
40.7491198 -73.9882502
40.7491198 -73.9882502
40.7491198 -73.9882502
40.7491601 -73.97269
40.7495324 -73.9879663
40.7495324 -73.9879663
40.7495324 -73.9879663
40.7495324 -73.9879663
40.7496688 -73.9815698
40.7496697 -73.9952997
40.7496697 -73.9952997
40.7496697 -73.9952997
40.7496697 -73.9952997
40.749671 -73.9952993
40.749671 -73.9952993
40.749707 -73.9915579
40.749707 -73.9915579
40.74973 -73.98362
40.74973 -73.98362
40.74973 -73.98362
40.74973 -73.98362
40.7497864 -73.987788
40.7497864 -73.987788
40.7497864 -73.987788
40.7497864 -73.987788
40.7497864 -73.987788
40.7497864 -73.987788
40.7497864 -73.987788
40.7497864 -73.987788
40.74985 -73.9879203
40.74985 -73.9879203
40.74985 -73.9879203
40.74985 -73.9879203
40.74985 -73.9879203
40.7501498 -73.9769903
40.7501498 -73.9769903
40.7501825 -74.0023443
40.7501825 -74.0023443
40.7502903 -73.9948525
40.7502903 -73.9948525
40.7503198 -73.9911033
40.7503198 -73.9911033
40.7503201 -73.9911202
40.7503277 -73.9911129
40.7503277 -73.9911129
40.7503277 -73.9911129
40.7503277 -73.9911129
40.7503536 -73.9831807
40.7503536 -73.9831807
40.7504509 -73.9873089
40.7504509 -73.9873089
40.7504509 -73.9873089
40.7504509 -73.9873089
40.7504509 -73.9873089
40.750778 -73.9765319
40.7507801 -73.9765397
40.7508398 -73.9786003
40.7508398 -73.9786003
40.7508398 -73.9786003
40.7508398 -73.9786003
40.7508722 -73.9981617
40.7509102 -73.9806703
40.750964 -73.9827209
40.750964 -73.9827209
40.7509816 -73.9906117
40.7509816 -73.9906117
40.7509816 -73.9906117
40.7509816 -73.9906117
40.7509816 -73.9906117
40.7509816 -73.9906117
40.7509816 -73.9906117
40.7509816 -73.9906117
40.75099 -73.9906199
40.75099 -73.9906199
40.75099 -73.9906199
40.75099 -73.9906199
40.75099 -73.9906199
40.7514399 -73.9760502
40.7514399 -73.9760502
40.7514399 -73.9760502
40.7514399 -73.9760502
40.7514399 -73.9760502
40.7514399 -73.9760502
40.7514399 -73.9760502
40.7514399 -73.9760502
40.7514399 -73.9760502
40.7514399 -73.9760502
40.7514399 -73.9760502
40.7514399 -73.9760502
40.7514399 -73.9760502
40.7514399 -73.9760502
40.7514399 -73.9760502
40.7514399 -73.9760502
40.7514399 -73.9760502
40.7514968 -73.9977175
40.7514968 -73.9977175
40.7515275 -73.9939741
40.7515275 -73.9939741
40.7516497 -73.990143
40.7516497 -73.990143
40.7516497 -73.990143
40.7516497 -73.990143
40.7517434 -73.9707971
40.7517434 -73.9707971
40.7517497 -73.9707997
40.7517497 -73.9707997
40.7520602 -73.9735001
40.7520702 -73.9775502
40.7520702 -74.00098
40.7521903 -73.9934597
40.7521903 -73.9934597
40.7521903 -73.9934597
40.7521903 -73.9934597
40.7521903 -73.9934597
40.7521903 -73.9934597
40.7521903 -73.9934597
40.7521903 -73.9934597
40.7521964 -73.9934566
40.7521964 -73.9934566
40.7521964 -73.9934566
40.7521964 -73.9934566
40.7522824 -73.9896844
40.7522824 -73.9896844
40.7522824 -73.9896844
40.7522824 -73.9896844
40.7526662 -74.0042984
40.7526662 -74.0042984
40.7526931 -73.9730466
40.7526931 -73.9730466
40.7526931 -73.9730466
40.7526931 -73.9730466
40.7526931 -73.9730466
40.7526931 -73.9730466
40.7528493 -73.9929696
40.7528501 -73.9929803
40.7528501 -73.9929803
40.7528501 -73.9929803
40.7528501 -73.9929803
40.7528501 -73.9929803
40.7528501 -73.9929803
40.7533698 -73.9746501
40.7533698 -73.9746501
40.7533698 -73.9746501
40.7533698 -73.9746501
40.7533723 -73.974648
40.7534502 -73.9985103
40.7534502 -73.9985103
40.7534502 -73.9985103
40.7534502 -73.9985103
40.7534502 -73.9985103
40.7534502 -73.9985103
40.7534502 -73.9985103
40.7534797 -73.9925303
40.7534797 -73.9925303
40.7534797 -73.9808802
40.7534797 -73.9925303
40.7535473 -73.9850441
40.7535473 -73.9850441
40.7535473 -73.9850441
40.7536098 -73.9870901
40.7536098 -73.9870901
40.7536098 -73.9870901
40.7538786 -73.9661566
40.7538786 -73.9661566
40.7539397 -73.9643497
40.7539397 -73.9643497
40.7539397 -73.9643497
40.7540742 -73.9958222
40.7540742 -73.9958222
40.7540742 -73.9958222
40.7540742 -73.9958222
40.7541503 -73.9804
40.7542603 -73.9689799
40.75432 -73.9868702
40.75432 -73.9868702
40.7546189 -73.9737316
40.7546189 -73.9737316
40.7547142 -73.99162
40.7547903 -73.9799325
40.7547903 -73.9799325
40.7547969 -73.9799374
40.7548403 -73.9841203
40.7548403 -73.9841203
40.7551242 -73.9652387
40.7553298 -73.9911798
40.7553298 -73.9911798
40.75537 -73.9874301
40.75537 -73.9874301
40.75537 -73.9874301
40.75537 -73.9874301
40.75537 -73.9874301
40.75537 -73.9874301
40.75537 -73.9874301
40.75537 -73.9874301
40.7555081 -73.9680616
40.7555081 -73.9680616
40.7555202 -73.9836301
40.7555202 -73.9836301
40.7555251 -73.9836306
40.7555251 -73.9836306
40.7557999 -73.9864001
40.7557999 -73.9864001
40.7557999 -73.9864001
40.7557999 -73.9864001
40.7558237 -73.9961953
40.7558237 -73.9961953
40.7558237 -73.9961953
40.7558237 -73.9961953
40.75591 -73.9944613
40.75591 -73.9944613
40.7559443 -73.9907243
40.7559443 -73.9907243
40.7559501 -73.9907198
40.7559501 -73.9907198
40.7559501 -73.9907198
40.7559501 -73.9907198
40.7559501 -73.9907198
40.7559501 -73.9907198
40.7559501 -73.9907198
40.7559501 -73.9907198
40.7559501 -73.9907198
40.7559501 -73.9907198
40.7559501 -73.9907198
40.7559501 -73.9907198
40.7559501 -73.9907198
40.7559501 -73.9907198
40.7559501 -73.9907198
40.7559501 -73.9907198
40.7559501 -73.9907198
40.7559501 -73.9907198
40.7559501 -73.9907198
40.7559501 -73.9907198
40.7559501 -73.9907198
40.7559501 -73.9907198
40.7559501 -73.9907198
40.7559501 -73.9907198
40.7559501 -73.9907198
40.7559501 -73.9907198
40.7559501 -73.9907198
40.7559501 -73.9907198
40.7559501 -73.9907198
40.7559501 -73.9907198
40.7559501 -73.9907198
40.7559501 -73.9907198
40.7559501 -73.9907198
40.7559501 -73.9907198
40.7559501 -73.9907198
40.7559501 -73.9907198
40.7559501 -73.9907198
40.7560282 -73.9869627
40.7560282 -73.9869627
40.7560282 -73.9869627
40.7560282 -73.9869627
40.7560282 -73.9869627
40.7560282 -73.9869627
40.7560282 -73.9869627
40.7560282 -73.9869627
40.7560282 -73.9869627
40.7560282 -73.9869627
40.7560282 -73.9869627
40.7560282 -73.9869627
40.7560282 -73.9869627
40.7560282 -73.9869627
40.7560282 -73.9869627
40.7560297 -73.9790262
40.7560297 -73.9790262
40.7560299 -73.9869601
40.7560299 -73.9869601
40.7560299 -73.9869601
40.7560299 -73.9869601
40.7560299 -73.9869601
40.7560299 -73.9869601
40.7560299 -73.9869601
40.7560299 -73.9869601
40.7560299 -73.9869601
40.7560299 -73.9869601
40.7560299 -73.9869601
40.7560299 -73.9869601
40.7560299 -73.9869601
40.7560299 -73.9869601
40.7560299 -73.9869601
40.7560299 -73.9869601
40.7560299 -73.9869601
40.7560299 -73.9869601
40.7560299 -73.9869601
40.7560299 -73.9869601
40.7560355 -73.9790317
40.7560355 -73.9790317
40.7561306 -73.9676058
40.7561306 -73.9676058
40.7561358 -73.9831594
40.7561358 -73.9831594
40.7564899 -73.99776
40.7564899 -73.99776
40.7565703 -73.9902699
40.7565703 -73.9902699
40.7565703 -73.9902699
40.7566587 -73.9785643
40.7566587 -73.9785643
40.7567701 -73.9827101
40.7567701 -73.9827101
40.7570065 -73.9638713
40.7570065 -73.9638713
40.7571101 -73.9972899
40.7571101 -73.9972899
40.7571101 -73.9972899
40.7571202 -73.9719102
40.7571202 -73.9719102
40.7571427 -73.9935809
40.7572301 -73.9897898
40.7572301 -73.9897898
40.7572301 -73.9897898
40.7572301 -73.9897898
40.7572301 -73.9897898
40.7572301 -73.9897898
40.7572301 -73.9897898
40.7572301 -73.9897898
40.7572301 -73.9897898
40.7572301 -73.9897898
40.7572301 -73.9897898
40.7572301 -73.9897898
40.7572301 -73.9897898
40.7572301 -73.9897898
40.7572301 -73.9897898
40.7572301 -73.9897898
40.7572301 -73.9897898
40.7572301 -73.9897898
40.7572301 -73.9897898
40.7572301 -73.9897898
40.7572301 -73.9897898
40.7572301 -73.9897898
40.7572301 -73.9897898
40.7572301 -73.9897898
40.7572301 -73.9897898
40.7576754 -73.9948542
40.7576754 -73.9948542
40.7576997 -73.9693948
40.7576997 -73.9693948
40.7576997 -73.9693948
40.7576997 -73.9693948
40.7578171 -73.9794358
40.7579078 -73.9892897
40.7579078 -73.9892897
40.7579078 -73.9892897
40.7579078 -73.9892897
40.7579101 -73.9893003
40.7579101 -73.9893003
40.7579153 -73.9892936
40.7579153 -73.9892936
40.7579153 -73.9892936
40.7579503 -73.985539
40.7579503 -73.985539
40.7579503 -73.985539
40.7579503 -73.985539
40.7579879 -73.9855806
40.7579879 -73.9855806
40.7579879 -73.9855806
40.7579879 -73.9855806
40.7580301 -73.9817901
40.7582997 -74.0001398
40.7583097 -73.9629201
40.75835 -73.9943898
40.75835 -73.9943898
40.7584298 -73.9926302
40.7584298 -73.9926302
40.7584347 -73.9926384
40.7584347 -73.9926384
40.7585397 -73.9888403
40.7585397 -73.9888403
40.7585855 -73.9850828
40.7585855 -73.9850828
40.7586899 -73.9853299
40.7586899 -73.9853299
40.7590979 -73.9921326
40.7590979 -73.9921326
40.7590979 -73.9921326
40.7591003 -73.9921401
40.7591003 -73.9921401
40.75916 -73.9883897
40.75916 -73.9883897
40.75916 -73.9883897
40.7591636 -73.9883888
40.7591636 -73.9883888
40.7591636 -73.9883888
40.7591636 -73.9883888
40.7591636 -73.9883888
40.7591636 -73.9883888
40.7591636 -73.9883888
40.7591636 -73.9883888
40.7591636 -73.9883888
40.7591636 -73.9883888
40.7591636 -73.9883888
40.7591636 -73.9883888
40.7591636 -73.9883888
40.7591636 -73.9883888
40.7591636 -73.9883888
40.7591942 -73.9846308
40.7591942 -73.9846308
40.7592002 -73.9846399
40.7592002 -73.9846399
40.7592002 -73.9846399
40.7592002 -73.9846399
40.7593069 -73.9652872
40.7595807 -73.9680217
40.7595807 -73.9680217
40.7595807 -73.9680217
40.7596258 -73.9954606
40.7596258 -73.9954606
40.7596301 -73.99547
40.7596301 -73.99547
40.7596301 -73.99547
40.7596301 -73.99547
40.75974 -73.9742202
40.75974 -73.9742202
40.7598188 -73.9841985
40.7598188 -73.9841985
40.7598188 -73.9841985
40.7598399 -73.9841799
40.7598399 -73.9841799
40.7599003 -73.9804403
40.7599003 -73.9804403
40.7602532 -73.9675308
40.7602532 -73.9675308
40.7602532 -73.9675308
40.7602996 -73.9949852
40.7603058 -73.9949895
40.7603451 -73.9424429
40.7603634 -73.9737614
40.7603634 -73.9737614
40.7603634 -73.9737614
40.7603634 -73.9737614
40.7604099 -73.9874697
40.7604099 -73.9874697
40.7604099 -73.9874697
40.7604099 -73.9874697
40.7604099 -73.9874697
40.7604099 -73.9874697
40.7604099 -73.9874697
40.7604174 -73.9758181
40.7608185 -73.9983246
40.7608185 -73.9983246
40.7608185 -73.9983246
40.7609859 -73.9907517
40.7610386 -73.9753586
40.7610386 -73.9753586
40.7614198 -73.9840599
40.7614198 -73.9840599
40.7614219 -73.9840582
40.7614219 -73.9840582
40.7615498 -73.96658
40.7615498 -73.96658
40.7615519 -73.9940686
40.7615519 -73.9940686
40.7615519 -73.9940686
40.7616608 -73.9865569
40.7616608 -73.9865569
40.7621725 -73.9661296
40.7621725 -73.9661296
40.7621725 -73.9661296
40.7622257 -73.9681852
40.7622257 -73.9681852
40.7622257 -73.9681852
40.7622257 -73.9681852
40.7622298 -73.9898602
40.7622876 -73.9861058
40.7622876 -73.9861058
40.7625403 -74.0003101
40.7628601 -73.9894002
40.7629062 -73.9856531
40.7629062 -73.9856531
40.76295 -73.9699099
40.76295 -73.9699099
40.76295 -73.9699099
40.76296 -73.9718699
40.76296 -73.9718699
40.76296 -73.9718699
40.7629693 -73.9818875
40.7629693 -73.9818875
40.7629693 -73.9818875
40.7629693 -73.9818875
40.7633698 -73.9592359
40.7633798 -73.9964598
40.7633798 -73.9964598
40.7633798 -73.9964598
40.7633798 -73.9964598
40.7633798 -73.9964598
40.7633798 -73.9964598
40.7633798 -73.9964598
40.7633798 -73.9964598
40.7634853 -73.9672643
40.7634853 -73.9672643
40.7634853 -73.9672643
40.7634859 -73.9889443
40.7634866 -73.9889433
40.7634866 -73.9889433
40.7634866 -73.9889433
40.7636453 -73.9734784
40.7636453 -73.9734784
40.764 -73.9959998
40.764 -73.9959998
40.764 -73.9959998
40.7641087 -73.9884844
40.7641087 -73.9884844
40.76411 -73.9884903
40.7641665 -73.9847374
40.7641665 -73.9847374
40.7641697 -73.9476603
40.7642212 -73.9809783
40.7642212 -73.9809783
40.7642212 -73.9809783
40.76423 -73.9809801
40.76423 -73.9809801
40.7642856 -73.9556214
40.76468 -73.99179
40.7647303 -73.9880303
40.7647359 -73.9880254
40.7647359 -73.9880254
40.7647359 -73.9880254
40.7648503 -73.9805301
40.76525 -73.9950898
40.765306 -73.9913334
40.7654203 -73.9838199
40.7654203 -73.9838199
40.7654688 -73.9700399
40.7654688 -73.9700399
40.7654688 -73.9700399
40.7655267 -73.9800391
40.7655267 -73.9800391
40.7655267 -73.9800391
40.7655267 -73.9800391
40.7662799 -73.9818498
40.7662799 -73.9818498
40.7664957 -73.9569516
40.7665002 -73.9941751
40.7667727 -73.9711863
40.7667727 -73.9711863
40.7667727 -73.9711863
40.7671201 -73.9564902
40.7671302 -73.9937199
40.7671302 -73.9937199
40.7671874 -73.9899624
40.7671874 -73.9899624
40.7671874 -73.9899624
40.7671874 -73.9899624
40.7672301 -73.9645301
40.7672301 -73.9645301
40.7672301 -73.9645301
40.7674098 -73.9823701
40.7674098 -73.9823701
40.7676901 -73.9821703
40.7678584 -73.9640781
40.7678584 -73.9640781
40.7678584 -73.9640781
40.7679158 -73.9857225
40.7679158 -73.9857225
40.7684391 -73.989051
40.7684391 -73.989051
40.7688011 -73.9583615
40.7688803 -73.98201
40.7688803 -73.98201
40.7689601 -73.9849598
40.7689601 -73.9849598
40.7694402 -73.95186
40.7696897 -73.982
40.7696897 -73.982
40.7704225 -73.9622072
40.7705299 -73.9801097
40.7713403 -73.98204
40.7716001 -73.9780102
40.7716698 -73.9866999
40.7716698 -73.9866999
40.7722325 -73.9899865
40.7722325 -73.9899865
40.772289 -73.9862313
40.772289 -73.9862313
40.772289 -73.9862313
40.772289 -73.9862313
40.772289 -73.9862313
40.772289 -73.9862313
40.772289 -73.9862313
40.772289 -73.9862313
40.772289 -73.9862313
40.7722901 -73.9862399
40.7729657 -73.9582568
40.7733402 -73.9490101
40.7734804 -73.9890851
40.7734804 -73.9890851
40.7739799 -73.9485501
40.7743666 -73.9615769
40.7746597 -73.954086
40.7759154 -73.9531533
40.7766014 -73.9466312
40.7768789 -73.949377
40.77688 -73.9493702
40.7771943 -73.9522413
40.7778798 -73.95175
40.7778798 -73.95175
40.77814 -73.9544798
40.77918 -73.9507898
40.7794923 -73.9555862
40.7794999 -73.9555802
40.78044 -73.9498799
40.7806901 -73.9465901
40.7813223 -73.9461284
40.7813801 -73.9521202
40.7814308 -73.9541744
40.7816906 -73.9489555
40.7825658 -73.9451997
40.7832603 -73.9507402
40.7832603 -73.9507402
40.7834098 -73.9642203
40.78389 -73.9502802
40.7842399 -73.9470956
40.7845203 -73.9498202
40.7852901 -73.9536101
40.7852932 -73.9693425
40.7858098 -73.9428498
40.7858701 -73.9509299
40.7858701 -73.9488298
