42.34186765 -71.07272215
42.34186765 -71.07272215
42.34186765 -71.07272215
42.34186765 -71.07272215
42.3420185 -71.08566213
42.3421328 -71.0629492
42.3421328 -71.0629492
42.3421328 -71.0629492
42.3421328 -71.0629492
42.3421328 -71.0629492
42.34218758 -71.08407092
42.34239288 -71.08302002
42.34243945 -71.0844553
42.34255919 -71.06270824
42.34255919 -71.06270824
42.34255919 -71.06270824
42.34258727 -71.0742004
42.34262866 -71.08051921
42.3427105 -71.08679117
42.34277705 -71.06952709
42.34278722 -71.0738256
42.34283015 -71.0737467
42.34285014 -71.06516235
42.34285014 -71.06516235
42.34285014 -71.06516235
42.34285014 -71.06516235
42.34285014 -71.06516235
42.34285014 -71.06516235
42.34285014 -71.06516235
42.34285014 -71.06516235
42.34285014 -71.06516235
42.34285014 -71.06516235
42.34300439 -71.06249251
42.34300439 -71.06249251
42.34319453 -71.06880537
42.34319453 -71.06880537
42.34322816 -71.06343087
42.3432702 -71.0784884
42.34334672 -71.06643142
42.34334672 -71.06643142
42.34338034 -71.08627921
42.34347698 -71.07822747
42.3435072 -71.06434587
42.34373406 -71.0741916
42.34376458 -71.08866865
42.3438462 -71.0899335
42.343955 -71.0899088
42.343955 -71.0899088
42.34395526 -71.06594178
42.34423781 -71.0629644
42.344308 -71.067073
42.344308 -71.067073
42.344308 -71.067073
42.344308 -71.067073
42.34432514 -71.06571148
42.34439568 -71.08632016
42.34450403 -71.07217209
42.34451294 -71.08049717
42.3445265 -71.0767905
42.34453911 -71.0735877
42.34453911 -71.0735877
42.34453911 -71.0735877
42.34453911 -71.0735877
42.34453911 -71.0735877
42.34453911 -71.0735877
42.34454529 -71.07458983
42.34487687 -71.07235198
42.34492261 -71.08109885
42.34493428 -71.06366374
42.34493428 -71.06366374
42.34493428 -71.06366374
42.34496729 -71.06382224
42.34529046 -71.06982967
42.34538718 -71.08174234
42.34543689 -71.08181396
42.34561901 -71.07990847
42.34561901 -71.07990847
42.34561901 -71.07990847
42.34569316 -71.06857257
42.34569316 -71.06857257
42.345903 -71.06946322
42.34597864 -71.07671235
42.34598303 -71.09031847
42.34598303 -71.09031847
42.3460551 -71.07050669
42.3460551 -71.07050669
42.3460551 -71.07050669
42.3460551 -71.07050669
42.3460884 -71.0845348
42.3460884 -71.0845348
42.34613087 -71.08094439
42.34613087 -71.08094439
42.34615178 -71.07404347
42.34615178 -71.07404347
42.34615178 -71.07404347
42.34615178 -71.07404347
42.3462133 -71.0750066
42.34634226 -71.06323857
42.34634226 -71.06323857
42.34634313 -71.08482013
42.34634313 -71.08482013
42.34640381 -71.07551289
42.34646505 -71.07070436
42.34646505 -71.07070436
42.3466991 -71.0649435
42.3466991 -71.0649435
42.34674238 -71.08970931
42.34676463 -71.08747789
42.34697227 -71.07095315
42.34697227 -71.07095315
42.34697227 -71.07095315
42.34697227 -71.07095315
42.3469826 -71.09111988
42.34710196 -71.08841746
42.34710196 -71.08841746
42.347106 -71.079756
42.3473098 -71.07915167
42.3474822 -71.0686247
42.3474822 -71.0686247
42.3474822 -71.0686247
42.3474822 -71.0686247
42.34749899 -71.07925506
42.34749899 -71.07925506
42.34749899 -71.07925506
42.34762277 -71.07606735
42.34762277 -71.07606735
42.34767067 -71.07620742
42.34767067 -71.07620742
42.34767067 -71.07620742
42.34767067 -71.07620742
42.34767067 -71.07620742
42.3479724 -71.07849582
42.3479724 -71.07849582
42.34813158 -71.08027002
42.34813158 -71.08027002
42.34815229 -71.08450821
42.34827698 -71.07038932
42.34827698 -71.07038932
42.34828759 -71.07891773
42.34828759 -71.07891773
42.3483427 -71.0722253
42.34837984 -71.09287028
42.34840576 -71.08688339
42.34840576 -71.08688339
42.34854636 -71.07416609
42.34854636 -71.07416609
42.34857652 -71.07772012
42.34857652 -71.07772012
42.34862382 -71.08277637
42.34862382 -71.08277637
42.34862382 -71.08277637
42.34862382 -71.08277637
42.34862382 -71.08277637
42.34862382 -71.08277637
42.34863837 -71.07659238
42.3486464 -71.0827003
42.3486464 -71.0827003
42.3486464 -71.0827003
42.34876087 -71.06408261
42.34876087 -71.06408261
42.34877401 -71.06662866
42.34877401 -71.06662866
42.34901954 -71.08130134
42.34901954 -71.08130134
42.34932471 -71.08014801
42.34932471 -71.08014801
42.34941613 -71.04996488
42.3494205 -71.083158
42.3494205 -71.083158
42.3494205 -71.083158
42.3494205 -71.083158
42.3494205 -71.083158
42.34942864 -71.06536641
42.34942864 -71.06536641
42.34942864 -71.06536641
42.34942864 -71.06536641
42.34942864 -71.06536641
42.34942864 -71.06536641
42.34942864 -71.06536641
42.34942864 -71.06536641
42.34942864 -71.06536641
42.34942864 -71.06536641
42.34942864 -71.06536641
42.34942864 -71.06536641
42.34942864 -71.06536641
42.34942864 -71.06536641
42.34942864 -71.06536641
42.34942864 -71.06536641
42.34942864 -71.06536641
42.34942864 -71.06536641
42.34942864 -71.06536641
42.34942864 -71.06536641
42.34942864 -71.06536641
42.34942864 -71.06536641
42.34942864 -71.06536641
42.34942864 -71.06536641
42.34942864 -71.06536641
42.34947586 -71.0764015
42.3496291 -71.0718319
42.3496291 -71.0718319
42.3496291 -71.0718319
42.3496291 -71.0718319
42.3496291 -71.0718319
42.3496291 -71.0718319
42.3496291 -71.0718319
42.3496291 -71.0718319
42.34974111 -71.05801618
42.34974111 -71.05801618
42.34974111 -71.05801618
42.34974111 -71.05801618
42.34980175 -71.07840978
42.34980175 -71.07840978
42.34980175 -71.07840978
42.34980175 -71.07840978
42.34980175 -71.07840978
42.34980175 -71.07840978
42.34984179 -71.07480212
42.34997256 -71.06348817
42.34997256 -71.06348817
42.34997256 -71.06348817
42.34997256 -71.06348817
42.34997256 -71.06348817
42.34997256 -71.06348817
42.34999733 -71.0810344
42.34999733 -71.0810344
42.34999733 -71.0810344
42.35009599 -71.0773211
42.35009599 -71.0773211
42.3502669 -71.0655226
42.35029374 -71.07744671
42.35029374 -71.07744671
42.3503787 -71.07626098
42.3503787 -71.07626098
42.3503787 -71.07626098
42.3503787 -71.07626098
42.35043297 -71.05873158
42.35059717 -71.07881031
42.35059717 -71.07881031
42.35066174 -71.06602232
42.35066174 -71.06602232
42.35083019 -71.05641803
42.35083019 -71.05641803
42.35091932 -71.05854263
42.35094628 -71.06685604
42.35094628 -71.06685604
42.35094628 -71.06685604
42.35094628 -71.06685604
42.35095909 -71.0741278
42.35099134 -71.06297174
42.35099134 -71.06297174
42.35099134 -71.06297174
42.35103105 -71.06373331
42.35106637 -71.06549569
42.35106637 -71.06549569
42.35110203 -71.05735186
42.3511435 -71.0730195
42.3511435 -71.0730195
42.35115526 -71.06130589
42.35118005 -71.07666607
42.3511812 -71.06607115
42.3511812 -71.06607115
42.3511812 -71.06607115
42.3511812 -71.06607115
42.35122731 -71.05621744
42.35123006 -71.06289921
42.35123006 -71.06289921
42.35140041 -71.06480285
42.35140041 -71.06480285
42.35141751 -71.05010479
42.35141751 -71.05010479
42.3514296 -71.0501324
42.3514296 -71.0501324
42.3514296 -71.0501324
42.3514296 -71.0501324
42.35143483 -71.06969334
42.35143483 -71.06969334
42.35157076 -71.07186599
42.35157221 -71.06353927
42.35157221 -71.06353927
42.35157221 -71.06353927
42.35157221 -71.06353927
42.35162789 -71.0686641
42.35162789 -71.0686641
42.35174282 -71.0627594
42.35174282 -71.0627594
42.35174282 -71.0627594
42.35174282 -71.0627594
42.35174282 -71.0627594
42.35174282 -71.0627594
42.35174282 -71.0627594
42.35174282 -71.0627594
42.35176179 -71.07452168
42.35176179 -71.07452168
42.3518674 -71.05720373
42.35191317 -71.06272031
42.35191317 -71.06272031
42.35205262 -71.0734441
42.35205262 -71.0734441
42.35213476 -71.06266757
42.35213476 -71.06266757
42.35213476 -71.06266757
42.35213476 -71.06266757
42.35230244 -71.06133346
42.3523119 -71.0637051
42.3523119 -71.0637051
42.3523119 -71.0637051
42.3523119 -71.0637051
42.3523119 -71.0637051
42.3523119 -71.0637051
42.3523119 -71.0637051
42.3523119 -71.0637051
42.3523119 -71.0637051
42.3523119 -71.0637051
42.3523119 -71.0637051
42.3523119 -71.0637051
42.3523119 -71.0637051
42.3523119 -71.0637051
42.3523119 -71.0637051
42.3523119 -71.0637051
42.3523119 -71.0637051
42.3523119 -71.0637051
42.3523119 -71.0637051
42.3523119 -71.0637051
42.3523119 -71.0637051
42.3523119 -71.0637051
42.3523411 -71.06432465
42.3523411 -71.06432465
42.3523411 -71.06432465
42.35237073 -71.07227173
42.35241815 -71.06525499
42.35241815 -71.06525499
42.35241815 -71.06525499
42.35249459 -71.06642488
42.35249459 -71.06642488
42.35251737 -71.06112927
42.35255524 -71.05999995
42.35255524 -71.05999995
42.35265112 -71.04757739
42.35265112 -71.04757739
42.35265112 -71.04757739
42.35265112 -71.04757739
42.35265112 -71.04757739
42.35272948 -71.06256291
42.35272948 -71.06256291
42.35272948 -71.06256291
42.35272948 -71.06256291
42.35272948 -71.06256291
42.35272948 -71.06256291
42.35272948 -71.06256291
42.35285118 -71.06096412
42.35285118 -71.06096412
42.35311007 -71.06432264
42.35311007 -71.06432264
42.35311007 -71.06432264
42.35311007 -71.06432264
42.35311007 -71.06432264
42.35311007 -71.06432264
42.35311458 -71.04842121
42.353221 -71.054551
42.35325379 -71.0487241
42.35325379 -71.0487241
42.35325379 -71.0487241
42.35325379 -71.0487241
42.3532601 -71.06283216
42.35332464 -71.05727637
42.35348229 -71.04814061
42.35358129 -71.06236665
42.35358129 -71.06236665
42.35370585 -71.05898587
42.35370585 -71.05898587
42.35370585 -71.05898587
42.35370585 -71.05898587
42.35370585 -71.05898587
42.35380161 -71.05620401
42.35426247 -71.05883334
42.35426247 -71.05883334
42.35426247 -71.05883334
42.35438252 -71.05213281
42.35450139 -71.05916774
42.35450139 -71.05916774
42.35459106 -71.0621901
42.35474968 -71.05951251
42.35474968 -71.05951251
42.35488211 -71.05369166
42.3548993 -71.0619177
42.35500441 -71.06300728
42.35500441 -71.06300728
42.3550479 -71.0614837
42.35505244 -71.07390742
42.35505244 -71.07390742
42.35505244 -71.07390742
42.35505244 -71.07390742
42.35512339 -71.0608798
42.35512339 -71.0608798
42.35518935 -71.0633348
42.35518935 -71.0633348
42.35518935 -71.0633348
42.35518935 -71.0633348
42.35521429 -71.06206351
42.35521429 -71.06206351
42.35521429 -71.06206351
42.35521429 -71.06206351
42.35521429 -71.06206351
42.35521429 -71.06206351
42.35521625 -71.06012863
42.35521625 -71.06012863
42.35521625 -71.06012863
42.35521625 -71.06012863
42.35521625 -71.06012863
42.35521625 -71.06012863
42.35521625 -71.06012863
42.35540738 -71.06312433
42.35540738 -71.06312433
42.35540738 -71.06312433
42.35540738 -71.06312433
42.35540738 -71.06312433
42.35540738 -71.06312433
42.35540738 -71.06312433
42.35540738 -71.06312433
42.35540738 -71.06312433
42.35540738 -71.06312433
42.35540738 -71.06312433
42.35540738 -71.06312433
42.35540738 -71.06312433
42.35540738 -71.06312433
42.35544757 -71.05731727
42.35554806 -71.0607314
42.35554806 -71.0607314
42.35554806 -71.0607314
42.35554806 -71.0607314
42.35571985 -71.06110871
42.35571985 -71.06110871
42.35591935 -71.06000539
42.35591935 -71.06000539
42.35591935 -71.06000539
42.35594239 -71.06258333
42.35594239 -71.06258333
42.35602373 -71.06177615
42.35602373 -71.06177615
42.35602373 -71.06177615
42.35602373 -71.06177615
42.35602373 -71.06177615
42.35602373 -71.06177615
42.35637531 -71.06213513
42.35637531 -71.06213513
42.35637531 -71.06213513
42.35648631 -71.05928145
42.35649296 -71.05259107
42.35649296 -71.05259107
42.35650174 -71.0619996
42.3565323 -71.0502148
42.356585 -71.06189505
42.35680075 -71.05893025
42.35680075 -71.05893025
42.35680075 -71.05893025
42.3571728 -71.0501177
42.35717394 -71.06126832
42.3572078 -71.0705134
42.3572078 -71.0705134
42.35724324 -71.05849672
42.35740677 -71.06411874
42.35740677 -71.06411874
42.35744458 -71.05831965
42.3575462 -71.05881953
42.3575462 -71.05881953
42.3575462 -71.05881953
42.3575462 -71.05881953
42.35766347 -71.0544123
42.35766347 -71.0544123
42.35766468 -71.05810569
42.3577188 -71.0594707
42.3577356 -71.0660674
42.35788876 -71.06010047
42.35788876 -71.06010047
42.35825495 -71.06173472
42.35825997 -71.06146243
42.3583249 -71.05784884
42.3583249 -71.05784884
42.35847666 -71.05324087
42.35847666 -71.05324087
42.35875858 -71.06114052
42.35878394 -71.053763
42.35883898 -71.06608613
42.35883898 -71.06608613
42.35883898 -71.06608613
42.35883898 -71.06608613
42.35883898 -71.06608613
42.35883898 -71.06608613
42.35883898 -71.06608613
42.3588783 -71.05680381
42.35889144 -71.06437558
42.35889144 -71.06437558
42.35892279 -71.05835354
42.35892279 -71.05835354
42.35892279 -71.05835354
42.35892279 -71.05835354
42.35897759 -71.05702371
42.35902548 -71.05567996
42.3592486 -71.0542832
42.35926487 -71.05429349
42.35926487 -71.05429349
42.359287 -71.05379102
42.35931872 -71.0665918
42.35931872 -71.0665918
42.35942556 -71.05288819
42.35942556 -71.05288819
42.35942556 -71.05288819
42.3596868 -71.06938583
42.3596868 -71.06938583
42.35969525 -71.05401301
42.35972137 -71.0585236
42.35988466 -71.05581281
42.35988466 -71.05581281
42.35997967 -71.05474135
42.360003 -71.0628474
42.360003 -71.0628474
42.360003 -71.0628474
42.360003 -71.0628474
42.36020464 -71.05620816
42.3602285 -71.0547722
42.3602285 -71.0547722
42.36038173 -71.06285769
42.36038173 -71.06285769
42.36038173 -71.06285769
42.36062746 -71.056018
42.36062746 -71.056018
42.36109742 -71.06206081
42.36109742 -71.06206081
42.36109742 -71.06206081
42.36109742 -71.06206081
42.36109742 -71.06206081
42.36114269 -71.06455575
42.36114269 -71.06455575
42.3612481 -71.0653205
42.3612481 -71.0653205
42.3612481 -71.0653205
42.3612481 -71.0653205
42.36139413 -71.0576869
42.36148163 -71.05719146
42.36148163 -71.05719146
42.361519 -71.055178
42.36179428 -71.0571127
42.36183857 -71.05976489
42.36192792 -71.07081974
42.36192792 -71.07081974
42.36192792 -71.07081974
42.36240281 -71.06954652
42.36244024 -71.05855396
42.3626075 -71.06132725
42.3626075 -71.06132725
42.3626075 -71.06132725
42.3626075 -71.06132725
42.362634 -71.0534735
42.36293611 -71.05253795
42.36293611 -71.05253795
42.36348515 -71.0608421
42.3636444 -71.0513526
42.36371778 -71.06345153
42.36371778 -71.06345153
42.36373388 -71.05577794
42.36373388 -71.05577794
42.36379365 -71.05447076
42.36394509 -71.05942841
42.36394509 -71.05942841
42.3639748 -71.0613705
42.36412662 -71.05729215
42.3642384 -71.06165515
42.3642384 -71.06165515
42.3642384 -71.06165515
42.36423881 -71.05556016
42.36434304 -71.05987586
42.36434304 -71.05987586
42.36439256 -71.06093185
42.36439256 -71.06093185
42.36445569 -71.06845778
42.3647529 -71.0619155
42.3647529 -71.0619155
42.36478627 -71.05825825
42.36478627 -71.05825825
42.36483322 -71.06231414
42.36489134 -71.05899726
42.36489527 -71.06050249
42.36489527 -71.06050249
42.3649755 -71.062044
42.3649755 -71.062044
42.3649755 -71.062044
42.3649755 -71.062044
42.36522321 -71.06183214
42.3654261 -71.0568787
42.3655588 -71.06123939
42.36571448 -71.06061587
42.36643546 -71.06135413
42.36643546 -71.06135413
42.36676888 -71.05373654
42.36676888 -71.05373654
42.36683278 -71.05261725
42.3671957 -71.05251302
42.3672119 -71.0580326
42.3672119 -71.0580326
42.3672119 -71.0580326
