42.364390,-71.052353 42.364674,-71.053176 NORTHWEST
42.364390,-71.052353 42.364196,-71.051789 SOUTHEAST
42.364390,-71.052353 42.364206,-71.052652 SOUTHWEST
42.357809,-71.051928 42.357158,-71.051636 SOUTH
42.357809,-71.051928 42.357886,-71.051349 EAST
42.357809,-71.051928 42.358058,-71.052273 NORTHWEST
42.357809,-71.051928 42.358669,-71.052184 NORTH
42.361557,-71.053922 42.362381,-71.053162 NORTHEAST
42.361557,-71.053922 42.362060,-71.054919 NORTHWEST
42.361557,-71.053922 42.361229,-71.053295 SOUTHEAST
42.359408,-71.063957 42.361157,-71.064153 NORTH
42.359408,-71.063957 42.359427,-71.063561 EAST
42.359408,-71.063957 42.359352,-71.064385 WEST
42.359532,-71.052435 42.360509,-71.053155 NORTHWEST
42.359532,-71.052435 42.358947,-71.052263 SOUTH
42.359532,-71.052435 42.359631,-71.051804 EAST
42.359532,-71.052435 42.359370,-71.053348 WEST
42.363660,-71.062082 42.363986,-71.063332 WEST
42.363660,-71.062082 42.364507,-71.062935 NORTHWEST
42.363660,-71.062082 42.363568,-71.062106 SOUTH
42.363660,-71.062082 42.363457,-71.061322 EAST
42.363328,-71.060738 42.363649,-71.061009 NORTHWEST
42.363328,-71.060738 42.363457,-71.061322 WEST
42.363328,-71.060738 42.363062,-71.059704 EAST
42.353160,-71.060721 42.352508,-71.061142 SOUTHWEST
42.353160,-71.060721 42.352803,-71.059442 EAST
42.353160,-71.060721 42.353609,-71.060296 NORTHEAST
42.353160,-71.060721 42.353471,-71.061334 NORTHWEST
42.364507,-71.062935 42.364220,-71.063271 SOUTHWEST
42.364507,-71.062935 42.363660,-71.062082 SOUTHEAST
42.364507,-71.062935 42.364696,-71.062579 NORTHEAST
42.365013,-71.054079 42.365114,-71.053984 NORTHEAST
42.365114,-71.053984 42.365529,-71.054570 NORTHWEST
42.365114,-71.053984 42.365013,-71.054079 SOUTHWEST
42.365114,-71.053984 42.365009,-71.053835 SOUTHEAST
42.359178,-71.050891 42.359061,-71.051639 WEST
42.359178,-71.050891 42.359769,-71.050931 NORTH
42.359178,-71.050891 42.358766,-71.051560 SOUTHWEST
42.357377,-71.070548 42.357696,-71.070707 NORTH
42.357377,-71.070548 42.356921,-71.070284 SOUTHEAST
42.357377,-71.070548 42.357069,-71.071849 WEST
42.353667,-71.053631 42.352586,-71.055438 SOUTHWEST
42.353667,-71.053631 42.353325,-71.053273 SOUTHEAST
42.353667,-71.053631 42.354047,-71.052873 NORTHEAST
42.353667,-71.053631 42.354138,-71.054107 NORTHWEST
42.363423,-71.066915 42.364002,-71.067480 NORTHWEST
42.363423,-71.066915 42.363424,-71.066558 EAST
42.363423,-71.066915 42.362195,-71.066870 SOUTH
42.363423,-71.066915 42.363421,-71.067031 WEST
42.353493,-71.071490 42.353846,-71.071676 NORTH
42.353493,-71.071490 42.351946,-71.070712 SOUTH
42.353493,-71.071490 42.349368,-71.086815 WEST
42.354648,-71.072069 42.355533,-71.072190 NORTH
42.354648,-71.072069 42.353846,-71.071676 SOUTH
42.354648,-71.072069 42.354017,-71.074420 WEST
42.354017,-71.074420 42.354648,-71.072069 EAST
42.363649,-71.061009 42.363985,-71.060477 NORTHEAST
42.363649,-71.061009 42.363328,-71.060738 SOUTHEAST
42.363649,-71.061009 42.364819,-71.062278 NORTHWEST
42.363649,-71.061009 42.363457,-71.061322 SOUTHWEST
42.363457,-71.061322 42.363660,-71.062082 WEST
42.363457,-71.061322 42.363391,-71.061425 SOUTHWEST
42.363457,-71.061322 42.363649,-71.061009 NORTHEAST
42.363457,-71.061322 42.363328,-71.060738 EAST
42.363096,-71.054075 42.362817,-71.054303 SOUTHWEST
42.363096,-71.054075 42.363310,-71.053827 NORTHEAST
42.363096,-71.054075 42.363641,-71.054661 NORTHWEST
42.363096,-71.054075 42.362381,-71.053162 SOUTHEAST
42.363310,-71.053827 42.363096,-71.054075 SOUTHWEST
42.363310,-71.053827 42.363483,-71.052777 EAST
42.363310,-71.053827 42.363631,-71.053635 NORTHEAST
42.364648,-71.067096 42.364002,-71.067480 SOUTHWEST
42.361247,-71.060952 42.361010,-71.061229 SOUTHWEST
42.361247,-71.060952 42.362424,-71.058525 NORTHEAST
42.361247,-71.060952 42.362176,-71.062269 NORTHWEST
42.365242,-71.058391 42.364892,-71.058983 SOUTHWEST
42.365242,-71.058391 42.364754,-71.058379 SOUTH
42.365242,-71.058391 42.365286,-71.057852 EAST
42.365242,-71.058391 42.365462,-71.058395 NORTH
42.363377,-71.063611 42.363893,-71.063375 NORTH
42.363377,-71.063611 42.362174,-71.063800 SOUTH
42.363377,-71.063611 42.363399,-71.063714 WEST
42.352917,-71.056257 42.354138,-71.054107 NORTHEAST
42.364754,-71.058379 42.364368,-71.058209 SOUTH
42.364754,-71.058379 42.364289,-71.058447 SOUTH
42.364754,-71.058379 42.365242,-71.058391 NORTH
42.363985,-71.060477 42.364353,-71.059876 NORTHEAST
42.363985,-71.060477 42.363649,-71.061009 SOUTHWEST
42.363985,-71.060477 42.365126,-71.061777 NORTHWEST
42.363985,-71.060477 42.363174,-71.059598 SOUTHEAST
42.363481,-71.051910 42.362381,-71.053162 SOUTHWEST
42.363481,-71.051910 42.363181,-71.051587 SOUTHEAST
42.363481,-71.051910 42.363676,-71.052120 NORTHWEST
42.363676,-71.052120 42.364196,-71.051789 NORTHEAST
42.363676,-71.052120 42.363483,-71.052777 WEST
42.363676,-71.052120 42.364206,-71.052652 NORTHWEST
42.363676,-71.052120 42.363481,-71.051910 SOUTHEAST
42.365184,-71.064348 42.365470,-71.064637 NORTHWEST
42.365184,-71.064348 42.364010,-71.063423 SOUTHEAST
42.365184,-71.064348 42.365301,-71.064130 NORTHEAST
42.364196,-71.051789 42.364937,-71.051788 NORTH
42.364196,-71.051789 42.363993,-71.051072 EAST
42.364196,-71.051789 42.364390,-71.052353 NORTHWEST
42.364196,-71.051789 42.363676,-71.052120 SOUTHWEST
42.364289,-71.058447 42.363879,-71.058429 SOUTH
42.364289,-71.058447 42.364892,-71.058983 NORTHWEST
42.364289,-71.058447 42.364754,-71.058379 NORTH
42.362792,-71.051929 42.362239,-71.051062 SOUTHEAST
42.362792,-71.051929 42.362017,-71.052609 SOUTHWEST
42.362792,-71.051929 42.363181,-71.051587 NORTHEAST
42.363181,-71.051587 42.362792,-71.051929 SOUTHWEST
42.363181,-71.051587 42.363481,-71.051910 NORTHWEST
42.363181,-71.051587 42.363753,-71.051063 NORTHEAST
42.362628,-71.051005 42.362920,-71.051494 NORTHWEST
42.362628,-71.051005 42.362239,-71.051062 SOUTH
42.362628,-71.051005 42.363753,-71.051063 NORTH
42.365462,-71.058395 42.366366,-71.058479 NORTH
42.365462,-71.058395 42.365242,-71.058391 SOUTH
42.365462,-71.058395 42.366389,-71.059463 NORTHWEST
42.361117,-71.055524 42.361278,-71.055824 NORTHWEST
42.361117,-71.055524 42.360721,-71.055893 SOUTHWEST
42.361117,-71.055524 42.361393,-71.055313 NORTHEAST
42.361393,-71.055313 42.361432,-71.054905 EAST
42.361393,-71.055313 42.361565,-71.055182 NORTHEAST
42.361393,-71.055313 42.361117,-71.055524 SOUTHWEST
42.352484,-71.061425 42.353471,-71.061334 NORTH
42.361432,-71.054905 42.361565,-71.055182 NORTHWEST
42.361432,-71.054905 42.360823,-71.053716 SOUTHEAST
42.361432,-71.054905 42.361393,-71.055313 WEST
42.360647,-71.066995 42.360650,-71.066930 EAST
42.360650,-71.066930 42.360647,-71.066995 WEST
42.360650,-71.066930 42.360332,-71.066906 SOUTH
42.360650,-71.066930 42.361118,-71.066959 NORTH
42.358058,-71.052273 42.357809,-71.051928 SOUTHEAST
42.358058,-71.052273 42.358265,-71.052810 NORTHWEST
42.358058,-71.052273 42.357760,-71.052466 SOUTHWEST
42.361109,-71.067856 42.360310,-71.067801 SOUTH
42.361109,-71.067856 42.361091,-71.068763 WEST
42.361109,-71.067856 42.361118,-71.066959 EAST
42.360310,-71.067801 42.359544,-71.067725 SOUTH
42.360310,-71.067801 42.361109,-71.067856 NORTH
42.360310,-71.067801 42.360332,-71.066906 EAST
42.360310,-71.067801 42.360300,-71.068687 WEST
42.363753,-71.051063 42.362628,-71.051005 SOUTH
42.363753,-71.051063 42.363993,-71.051072 NORTH
42.363753,-71.051063 42.363181,-71.051587 SOUTHWEST
42.359667,-71.054397 42.359249,-71.054266 SOUTH
42.359667,-71.054397 42.359059,-71.055442 SOUTHWEST
42.359667,-71.054397 42.359340,-71.053543 SOUTHEAST
42.360339,-71.066378 42.359578,-71.066358 SOUTH
42.360339,-71.066378 42.361129,-71.066383 NORTH
42.360339,-71.066378 42.360332,-71.066906 WEST
42.360332,-71.066906 42.360339,-71.066378 EAST
42.360332,-71.066906 42.360650,-71.066930 NORTH
42.360332,-71.066906 42.360310,-71.067801 WEST
42.360332,-71.066906 42.359567,-71.066843 SOUTH
42.364123,-71.055563 42.363641,-71.054661 SOUTHEAST
42.364123,-71.055563 42.363880,-71.055682 SOUTH
42.364123,-71.055563 42.364362,-71.055555 NORTH
42.364010,-71.063423 42.364220,-71.063271 NORTHEAST
42.364010,-71.063423 42.365184,-71.064348 NORTHWEST
42.364010,-71.063423 42.363986,-71.063332 EAST
42.364010,-71.063423 42.363917,-71.063468 SOUTH
42.362060,-71.054919 42.362817,-71.054303 NORTHEAST
42.362060,-71.054919 42.361557,-71.053922 SOUTHEAST
42.362060,-71.054919 42.362545,-71.055814 NORTHWEST
42.362176,-71.062269 42.361307,-71.062865 SOUTHWEST
42.362176,-71.062269 42.361247,-71.060952 SOUTHEAST
42.362176,-71.062269 42.363005,-71.059944 NORTHEAST
42.358832,-71.068695 42.358844,-71.067672 EAST
42.358832,-71.068695 42.358823,-71.068983 WEST
42.358832,-71.068695 42.358007,-71.068515 SOUTH
42.358844,-71.067672 42.358839,-71.065082 EAST
42.358844,-71.067672 42.358832,-71.068695 WEST
42.358844,-71.067672 42.359291,-71.067707 NORTH
42.363641,-71.054661 42.364123,-71.055563 NORTHWEST
42.363641,-71.054661 42.363096,-71.054075 SOUTHEAST
42.363641,-71.054661 42.363962,-71.054310 NORTHEAST
42.363641,-71.054661 42.363404,-71.054891 SOUTHWEST
42.361565,-71.055182 42.361432,-71.054905 SOUTHEAST
42.361565,-71.055182 42.362152,-71.056507 NORTHWEST
42.361565,-71.055182 42.361393,-71.055313 SOUTHWEST
42.366413,-71.057345 42.365722,-71.056364 SOUTHEAST
42.354348,-71.061732 42.353864,-71.062191 SOUTHWEST
42.354348,-71.061732 42.355639,-71.062912 NORTHWEST
42.354348,-71.061732 42.354825,-71.062654 NORTHWEST
42.361731,-71.079238 42.360956,-71.070905 EAST
42.362508,-71.070703 42.361399,-71.070593 SOUTH
42.362508,-71.070703 42.362172,-71.068627 EAST
42.362508,-71.070703 42.364287,-71.069783 NORTH
42.357848,-71.069857 42.358799,-71.070311 NORTH
42.357848,-71.069857 42.357896,-71.069477 EAST
42.357848,-71.069857 42.357094,-71.069471 SOUTH
42.357848,-71.069857 42.357781,-71.070284 WEST
42.362179,-71.067902 42.362194,-71.066993 EAST
42.362179,-71.067902 42.362172,-71.068627 WEST
42.362179,-71.067902 42.361223,-71.067856 SOUTH
42.362174,-71.063800 42.362194,-71.063911 WEST
42.362174,-71.063800 42.361290,-71.063716 SOUTH
42.362174,-71.063800 42.363377,-71.063611 NORTH
42.361229,-71.053295 42.361557,-71.053922 NORTHWEST
42.361229,-71.053295 42.362017,-71.052609 NORTHEAST
42.361229,-71.053295 42.360931,-71.052795 SOUTHEAST
42.360931,-71.052795 42.360509,-71.053155 SOUTHWEST
42.360931,-71.052795 42.361683,-71.051924 NORTHEAST
42.360931,-71.052795 42.360567,-71.053240 SOUTHWEST
42.360931,-71.052795 42.359631,-71.051804 SOUTHEAST
42.360931,-71.052795 42.361229,-71.053295 NORTHWEST
42.360956,-71.070905 42.361731,-71.079238 WEST
42.360956,-71.070905 42.361399,-71.070593 NORTHEAST
42.360956,-71.070905 42.359472,-71.070761 SOUTH
42.360956,-71.070905 42.361025,-71.070041 EAST
42.357069,-71.071849 42.357377,-71.070548 EAST
42.357069,-71.071849 42.357155,-71.071884 NORTH
42.357069,-71.071849 42.356624,-71.071669 SOUTH
42.364265,-71.066347 42.363424,-71.066558 SOUTH
42.363424,-71.066558 42.363423,-71.066915 WEST
42.363424,-71.066558 42.362194,-71.063911 SOUTHEAST
42.363424,-71.066558 42.364265,-71.066347 NORTH
42.357971,-71.053011 42.357648,-71.053229 SOUTHWEST
42.357971,-71.053011 42.358265,-71.052810 NORTHEAST
42.357971,-71.053011 42.357760,-71.052466 SOUTHEAST
42.357760,-71.052466 42.358058,-71.052273 NORTHEAST
42.357760,-71.052466 42.357971,-71.053011 NORTHWEST
42.357760,-71.052466 42.357310,-71.052328 SOUTH
42.357760,-71.052466 42.357436,-71.052676 SOUTHWEST
42.363477,-71.064061 42.363399,-71.063714 EAST
42.359059,-71.055442 42.358971,-71.055908 WEST
42.359059,-71.055442 42.359667,-71.054397 NORTHEAST
42.359059,-71.055442 42.359204,-71.054650 EAST
42.357081,-71.072224 42.357155,-71.071884 EAST
42.359282,-71.068604 42.359118,-71.068604 SOUTH
42.359282,-71.068604 42.359291,-71.067707 EAST
42.359282,-71.068604 42.359505,-71.069743 WEST
42.359282,-71.068604 42.359539,-71.068617 NORTH
42.359118,-71.068604 42.359282,-71.068604 NORTH
42.366002,-71.060224 42.364892,-71.058983 SOUTHEAST
42.355533,-71.072190 42.354648,-71.072069 SOUTH
42.355533,-71.072190 42.355463,-71.072492 WEST
42.355533,-71.072190 42.355570,-71.072040 EAST
42.359567,-71.066843 42.359578,-71.066358 EAST
42.359567,-71.066843 42.359544,-71.067725 WEST
42.359567,-71.066843 42.359306,-71.066830 SOUTH
42.359567,-71.066843 42.360332,-71.066906 NORTH
42.360300,-71.068687 42.360267,-71.070038 WEST
42.360300,-71.068687 42.360310,-71.067801 EAST
42.360300,-71.068687 42.361091,-71.068763 NORTH
42.360300,-71.068687 42.359539,-71.068617 SOUTH
42.359544,-71.067725 42.359291,-71.067707 SOUTH
42.359544,-71.067725 42.360310,-71.067801 NORTH
42.359544,-71.067725 42.359567,-71.066843 EAST
42.359544,-71.067725 42.359539,-71.068617 WEST
42.359347,-71.065039 42.359325,-71.065961 WEST
42.359347,-71.065039 42.360069,-71.065079 NORTH
42.359347,-71.065039 42.358839,-71.065082 SOUTH
42.359347,-71.065039 42.359352,-71.064385 EAST
42.358839,-71.065082 42.358844,-71.067672 WEST
42.358839,-71.065082 42.359347,-71.065039 NORTH
42.358839,-71.065082 42.358340,-71.065080 SOUTH
42.359578,-71.066358 42.359319,-71.066354 SOUTH
42.359578,-71.066358 42.360339,-71.066378 NORTH
42.359578,-71.066358 42.359567,-71.066843 WEST
42.355574,-71.050922 42.354773,-71.051428 SOUTHWEST
42.355574,-71.050922 42.356680,-71.050768 NORTH
42.355574,-71.050922 42.355353,-71.050320 SOUTHEAST
42.354047,-71.052873 42.354773,-71.051428 NORTHEAST
42.354047,-71.052873 42.354530,-71.053345 NORTHWEST
42.354047,-71.052873 42.353667,-71.053631 SOUTHWEST
42.359539,-71.068617 42.359544,-71.067725 EAST
42.359539,-71.068617 42.360300,-71.068687 NORTH
42.359539,-71.068617 42.359505,-71.069743 WEST
42.359539,-71.068617 42.359282,-71.068604 SOUTH
42.358971,-71.055908 42.358248,-71.055567 SOUTH
42.358971,-71.055908 42.358837,-71.056792 WEST
42.358971,-71.055908 42.359059,-71.055442 EAST
42.355236,-71.054027 42.354950,-71.054338 SOUTHWEST
42.355236,-71.054027 42.356044,-71.053215 NORTHEAST
42.355236,-71.054027 42.354530,-71.053345 SOUTHEAST
42.355236,-71.054027 42.356068,-71.054886 NORTHWEST
42.356123,-71.071466 42.355739,-71.071311 SOUTH
42.356123,-71.071466 42.356453,-71.070043 EAST
42.356123,-71.071466 42.356260,-71.071522 NORTH
42.362195,-71.066870 42.363423,-71.066915 NORTH
42.362195,-71.066870 42.362194,-71.066993 WEST
42.362195,-71.066870 42.361234,-71.066856 SOUTH
42.358837,-71.056792 42.358971,-71.055908 EAST
42.358837,-71.056792 42.358044,-71.056544 SOUTH
42.358837,-71.056792 42.360273,-71.057157 NORTH
42.358837,-71.056792 42.359055,-71.056958 NORTHWEST
42.358837,-71.056792 42.358845,-71.057136 WEST
42.359249,-71.054266 42.359667,-71.054397 NORTH
42.359249,-71.054266 42.359266,-71.054074 EAST
42.359249,-71.054266 42.359204,-71.054650 WEST
42.359106,-71.062448 42.359182,-71.061678 EAST
42.359106,-71.062448 42.359615,-71.062839 NORTHWEST
42.359106,-71.062448 42.359062,-71.062891 WEST
42.359266,-71.054074 42.359249,-71.054266 WEST
42.359266,-71.054074 42.358805,-71.053800 SOUTHEAST
42.359266,-71.054074 42.359340,-71.053543 EAST
42.365470,-71.064637 42.367240,-71.067098 NORTHWEST
42.365470,-71.064637 42.365184,-71.064348 SOUTHEAST
42.365470,-71.064637 42.366383,-71.067577 NORTHWEST
42.350958,-71.063001 42.353864,-71.062191 NORTH
42.361237,-71.066362 42.361129,-71.066383 SOUTH
42.361237,-71.066362 42.361234,-71.066856 WEST
42.361237,-71.066362 42.361286,-71.063829 EAST
42.363893,-71.063375 42.363986,-71.063332 NORTH
42.363893,-71.063375 42.363917,-71.063468 WEST
42.363893,-71.063375 42.363568,-71.062106 EAST
42.363893,-71.063375 42.363377,-71.063611 SOUTH
42.357165,-71.065086 42.357001,-71.065792 WEST
42.357165,-71.065086 42.357707,-71.063236 EAST
42.357165,-71.065086 42.357670,-71.065093 NORTH
42.357670,-71.065093 42.357165,-71.065086 SOUTH
42.357670,-71.065093 42.357714,-71.064642 EAST
42.357670,-71.065093 42.358041,-71.065095 NORTH
42.358340,-71.065080 42.358307,-71.066284 WEST
42.358340,-71.065080 42.358041,-71.065095 SOUTH
42.358340,-71.065080 42.359352,-71.064385 NORTHEAST
42.358340,-71.065080 42.358839,-71.065082 NORTH
42.358041,-71.065095 42.358071,-71.064714 EAST
42.358041,-71.065095 42.357670,-71.065093 SOUTH
42.358041,-71.065095 42.358340,-71.065080 NORTH
42.356608,-71.053929 42.356044,-71.053215 SOUTHEAST
42.356608,-71.053929 42.356949,-71.053275 NORTHEAST
42.356608,-71.053929 42.356068,-71.054886 SOUTHWEST
42.356608,-71.053929 42.357337,-71.054901 NORTHWEST
42.357684,-71.054421 42.357975,-71.053997 NORTHEAST
42.357684,-71.054421 42.357337,-71.054901 SOUTHWEST
42.357684,-71.054421 42.357444,-71.053779 SOUTHEAST
42.357684,-71.054421 42.357933,-71.055094 NORTHWEST
42.356949,-71.053275 42.357444,-71.053779 NORTHWEST
42.356949,-71.053275 42.356738,-71.053086 SOUTHEAST
42.356949,-71.053275 42.356608,-71.053929 SOUTHWEST
42.356949,-71.053275 42.357436,-71.052676 NORTHEAST
42.358799,-71.070311 42.358788,-71.070722 WEST
42.358799,-71.070311 42.357848,-71.069857 SOUTH
42.358799,-71.070311 42.358810,-71.069936 EAST
42.358823,-71.068983 42.357977,-71.068787 SOUTH
42.358823,-71.068983 42.358832,-71.068695 EAST
42.358823,-71.068983 42.358810,-71.069936 WEST
42.358771,-71.071715 42.358788,-71.070722 EAST
42.358771,-71.071715 42.357427,-71.071994 SOUTH
42.358771,-71.071715 42.358770,-71.072308 WEST
42.361234,-71.066856 42.361232,-71.066972 WEST
42.361234,-71.066856 42.361118,-71.066959 SOUTHWEST
42.361234,-71.066856 42.362195,-71.066870 NORTH
42.361234,-71.066856 42.361237,-71.066362 EAST
42.365565,-71.052951 42.367188,-71.052507 NORTH
42.365565,-71.052951 42.365283,-71.053066 SOUTH
42.365565,-71.052951 42.365261,-71.051766 EAST
42.361535,-71.057590 42.361697,-71.057304 NORTHEAST
42.361535,-71.057590 42.360273,-71.057157 SOUTH
42.361535,-71.057590 42.361472,-71.057730 SOUTHWEST
42.361535,-71.057590 42.362480,-71.058376 NORTHWEST
42.362480,-71.058376 42.361535,-71.057590 SOUTHEAST
42.362480,-71.058376 42.362424,-71.058525 SOUTHWEST
42.362480,-71.058376 42.362771,-71.057507 NORTHEAST
42.362480,-71.058376 42.363062,-71.059704 NORTHWEST
42.366167,-71.054900 42.366413,-71.054724 NORTHEAST
42.366167,-71.054900 42.365886,-71.055089 SOUTHWEST
42.366167,-71.054900 42.365766,-71.054258 SOUTHEAST
42.365212,-71.055486 42.365498,-71.055956 NORTHWEST
42.365212,-71.055486 42.364320,-71.053919 SOUTHEAST
42.365212,-71.055486 42.365886,-71.055089 NORTHEAST
42.365212,-71.055486 42.364740,-71.055527 SOUTH
42.365886,-71.055089 42.365212,-71.055486 SOUTHWEST
42.365886,-71.055089 42.365529,-71.054570 SOUTHEAST
42.365886,-71.055089 42.366167,-71.054900 NORTHEAST
42.364819,-71.062278 42.364696,-71.062579 SOUTHWEST
42.364819,-71.062278 42.363649,-71.061009 SOUTHEAST
42.364819,-71.062278 42.365126,-71.061777 NORTHEAST
42.363556,-71.058984 42.363879,-71.058429 NORTHEAST
42.363556,-71.058984 42.364353,-71.059876 NORTHWEST
42.363556,-71.058984 42.363174,-71.059598 SOUTHWEST
42.361118,-71.066959 42.361234,-71.066856 NORTHEAST
42.361118,-71.066959 42.361232,-71.066972 NORTH
42.361118,-71.066959 42.361109,-71.067856 WEST
42.361118,-71.066959 42.360650,-71.066930 SOUTH
42.361118,-71.066959 42.361129,-71.066383 EAST
42.352513,-71.059397 42.352803,-71.059442 NORTH
42.352803,-71.059442 42.352513,-71.059397 SOUTH
42.352803,-71.059442 42.354090,-71.058622 NORTHEAST
42.352803,-71.059442 42.353160,-71.060721 WEST
42.364674,-71.053176 42.364779,-71.053461 NORTHWEST
42.364674,-71.053176 42.364390,-71.052353 SOUTHEAST
42.364674,-71.053176 42.364054,-71.053431 SOUTH
42.363936,-71.053089 42.363483,-71.052777 SOUTHEAST
42.363936,-71.053089 42.363631,-71.053635 SOUTHWEST
42.363936,-71.053089 42.364206,-71.052652 NORTHEAST
42.364054,-71.053431 42.364674,-71.053176 NORTH
42.364054,-71.053431 42.364320,-71.053919 NORTHWEST
42.364054,-71.053431 42.363631,-71.053635 SOUTH
42.357420,-71.058337 42.357663,-71.058094 NORTHEAST
42.357420,-71.058337 42.357697,-71.059360 WEST
42.357420,-71.058337 42.356983,-71.058765 SOUTHWEST
42.363631,-71.053635 42.363310,-71.053827 SOUTHWEST
42.363631,-71.053635 42.363936,-71.053089 NORTHEAST
42.363631,-71.053635 42.364054,-71.053431 NORTH
42.358000,-71.060461 42.360900,-71.061317 NORTH
42.358000,-71.060461 42.358275,-71.061496 WEST
42.358000,-71.060461 42.357366,-71.061074 SOUTHWEST
42.358000,-71.060461 42.357697,-71.059360 EAST
42.357697,-71.059360 42.357420,-71.058337 EAST
42.357697,-71.059360 42.358000,-71.060461 WEST
42.357697,-71.059360 42.356709,-71.060238 SOUTHWEST
42.352508,-71.061142 42.353160,-71.060721 NORTHEAST
42.362152,-71.056507 42.362017,-71.056740 SOUTHWEST
42.362152,-71.056507 42.362545,-71.055814 NORTHEAST
42.362152,-71.056507 42.361565,-71.055182 SOUTHEAST
42.362152,-71.056507 42.362771,-71.057507 NORTHWEST
42.360387,-71.056709 42.361284,-71.057080 NORTH
42.360387,-71.056709 42.360273,-71.057157 WEST
42.360387,-71.056709 42.360721,-71.055893 NORTHEAST
42.355737,-71.058914 42.356746,-71.058060 NORTHEAST
42.355737,-71.058914 42.355452,-71.058039 SOUTHEAST
42.355737,-71.058914 42.354483,-71.059138 SOUTH
42.363206,-71.056947 42.362829,-71.056315 SOUTHEAST
42.363206,-71.056947 42.363377,-71.057199 NORTHWEST
42.363206,-71.056947 42.362771,-71.057507 SOUTHWEST
42.363062,-71.059704 42.363725,-71.058397 NORTHEAST
42.363062,-71.059704 42.363328,-71.060738 WEST
42.363062,-71.059704 42.363174,-71.059598 NORTHEAST
42.363062,-71.059704 42.363005,-71.059944 WEST
42.363062,-71.059704 42.362480,-71.058376 SOUTHEAST
42.361589,-71.056925 42.361920,-71.056911 NORTH
42.361589,-71.056925 42.361284,-71.057080 SOUTH
42.361589,-71.056925 42.361278,-71.055824 EAST
42.366383,-71.067577 42.365470,-71.064637 SOUTHEAST
42.362017,-71.056740 42.361920,-71.056911 SOUTHWEST
42.362017,-71.056740 42.362152,-71.056507 NORTHEAST
42.362017,-71.056740 42.361278,-71.055824 SOUTHEAST
42.354090,-71.058622 42.355140,-71.057498 NORTHEAST
42.354090,-71.058622 42.352803,-71.059442 SOUTHWEST
42.354090,-71.058622 42.353675,-71.058025 SOUTHEAST
42.354090,-71.058622 42.354483,-71.059138 NORTHWEST
42.357584,-71.056413 42.357802,-71.055361 EAST
42.357584,-71.056413 42.358044,-71.056544 NORTH
42.357584,-71.056413 42.356902,-71.055750 SOUTHEAST
42.357584,-71.056413 42.356824,-71.056328 SOUTH
42.357584,-71.056413 42.357580,-71.057332 WEST
42.362545,-71.055814 42.362829,-71.056315 NORTHWEST
42.362545,-71.055814 42.362152,-71.056507 SOUTHWEST
42.362545,-71.055814 42.362060,-71.054919 SOUTHEAST
42.362545,-71.055814 42.362930,-71.055326 NORTHEAST
42.364368,-71.058209 42.364402,-71.057764 EAST
42.364368,-71.058209 42.364754,-71.058379 NORTH
42.364368,-71.058209 42.363814,-71.057673 SOUTHEAST
42.356060,-71.073080 42.356079,-71.072288 EAST
42.353346,-71.057391 42.353524,-71.057801 NORTHWEST
42.362829,-71.056315 42.363206,-71.056947 NORTHWEST
42.362829,-71.056315 42.362545,-71.055814 SOUTHEAST
42.362829,-71.056315 42.363594,-71.055866 NORTHEAST
42.356068,-71.054886 42.356902,-71.055750 NORTHWEST
42.356068,-71.054886 42.355627,-71.055689 SOUTHWEST
42.356068,-71.054886 42.356608,-71.053929 NORTHEAST
42.356068,-71.054886 42.355236,-71.054027 SOUTHEAST
42.356007,-71.070176 42.355739,-71.071311 WEST
42.356007,-71.070176 42.352836,-71.067617 SOUTHEAST
42.356007,-71.070176 42.356105,-71.069855 EAST
42.354773,-71.051428 42.355574,-71.050922 NORTHEAST
42.354773,-71.051428 42.353338,-71.048880 SOUTHEAST
42.354773,-71.051428 42.355247,-71.052069 NORTHWEST
42.354773,-71.051428 42.354047,-71.052873 SOUTHWEST
42.357225,-71.057834 42.356740,-71.057821 SOUTH
42.364127,-71.056657 42.363880,-71.055682 EAST
42.364127,-71.056657 42.363871,-71.056639 SOUTH
42.364127,-71.056657 42.364465,-71.056689 NORTH
42.354362,-71.053673 42.354530,-71.053345 NORTHEAST
42.354362,-71.053673 42.354950,-71.054338 NORTHWEST
42.354362,-71.053673 42.354138,-71.054107 SOUTHWEST
42.363879,-71.058429 42.364289,-71.058447 NORTH
42.363879,-71.058429 42.363556,-71.058984 SOUTHWEST
42.363879,-71.058429 42.363725,-71.058397 SOUTH
42.353381,-71.059852 42.353609,-71.060296 NORTHWEST
42.356740,-71.057821 42.356751,-71.057323 EAST
42.356740,-71.057821 42.357225,-71.057834 NORTH
42.356740,-71.057821 42.355452,-71.058039 SOUTH
42.356740,-71.057821 42.356746,-71.058060 WEST
42.361025,-71.070041 42.360267,-71.070038 SOUTH
42.361025,-71.070041 42.361077,-71.069461 EAST
42.361025,-71.070041 42.360956,-71.070905 WEST
42.359182,-71.061678 42.360900,-71.061317 NORTH
42.359182,-71.061678 42.358275,-71.061496 SOUTH
42.359182,-71.061678 42.359106,-71.062448 WEST
42.357650,-71.055290 42.357203,-71.055109 SOUTH
42.357650,-71.055290 42.357802,-71.055361 NORTH
42.357650,-71.055290 42.357337,-71.054901 SOUTHEAST
42.357203,-71.055109 42.357650,-71.055290 NORTH
42.357203,-71.055109 42.356902,-71.055750 SOUTHWEST
42.357203,-71.055109 42.357337,-71.054901 NORTHEAST
42.356357,-71.072934 42.356624,-71.071669 EAST
42.354530,-71.053345 42.355247,-71.052069 NORTHEAST
42.354530,-71.053345 42.354047,-71.052873 SOUTHEAST
42.354530,-71.053345 42.355236,-71.054027 NORTHWEST
42.354530,-71.053345 42.354362,-71.053673 SOUTHWEST
42.360628,-71.069427 42.361077,-71.069461 NORTH
42.361077,-71.069461 42.360628,-71.069427 SOUTH
42.361077,-71.069461 42.361091,-71.068763 EAST
42.361077,-71.069461 42.361025,-71.070041 WEST
42.361091,-71.068763 42.361109,-71.067856 EAST
42.361091,-71.068763 42.361077,-71.069461 WEST
42.361091,-71.068763 42.360300,-71.068687 SOUTH
42.357580,-71.057332 42.356751,-71.057323 SOUTH
42.357580,-71.057332 42.357663,-71.058094 WEST
42.357580,-71.057332 42.358845,-71.057136 NORTH
42.357580,-71.057332 42.357584,-71.056413 EAST
42.363880,-71.055682 42.364123,-71.055563 NORTH
42.363880,-71.055682 42.363594,-71.055866 SOUTHWEST
42.363880,-71.055682 42.364127,-71.056657 WEST
42.354950,-71.054338 42.354654,-71.054661 SOUTHWEST
42.354950,-71.054338 42.355236,-71.054027 NORTHEAST
42.354950,-71.054338 42.354362,-71.053673 SOUTHEAST
42.365307,-71.057415 42.365875,-71.057485 NORTH
42.365307,-71.057415 42.365286,-71.057852 WEST
42.365307,-71.057415 42.364434,-71.057319 SOUTH
42.365307,-71.057415 42.365331,-71.056767 EAST
42.365875,-71.057485 42.365307,-71.057415 SOUTH
42.357905,-71.062749 42.358275,-71.061496 EAST
42.357905,-71.062749 42.359062,-71.062891 NORTH
42.357905,-71.062749 42.357707,-71.063236 SOUTHWEST
42.357707,-71.063236 42.357165,-71.065086 WEST
42.357707,-71.063236 42.356511,-71.061982 SOUTHEAST
42.357707,-71.063236 42.357905,-71.062749 NORTHEAST
42.358819,-71.057832 42.357663,-71.058094 SOUTH
42.358819,-71.057832 42.358845,-71.057136 EAST
42.358819,-71.057832 42.359000,-71.058625 WEST
42.357781,-71.070284 42.357018,-71.069875 SOUTH
42.357781,-71.070284 42.358788,-71.070722 NORTH
42.357781,-71.070284 42.357696,-71.070707 WEST
42.357781,-71.070284 42.357848,-71.069857 EAST
42.362381,-71.053162 42.363096,-71.054075 NORTHWEST
42.362381,-71.053162 42.361557,-71.053922 SOUTHWEST
42.362381,-71.053162 42.362232,-71.052938 SOUTHEAST
42.362381,-71.053162 42.363481,-71.051910 NORTHEAST
42.355627,-71.055689 42.354654,-71.054661 SOUTHEAST
42.355627,-71.055689 42.355503,-71.056529 WEST
42.355627,-71.055689 42.356824,-71.056328 NORTH
42.355627,-71.055689 42.356068,-71.054886 NORTHEAST
42.358845,-71.057136 42.357580,-71.057332 SOUTH
42.358845,-71.057136 42.359055,-71.056958 NORTHEAST
42.358845,-71.057136 42.358837,-71.056792 EAST
42.358845,-71.057136 42.358819,-71.057832 WEST
42.364807,-71.056059 42.364740,-71.055527 EAST
42.356260,-71.071522 42.356123,-71.071466 SOUTH
42.356260,-71.071522 42.356624,-71.071669 NORTH
42.356260,-71.071522 42.356079,-71.072288 WEST
42.353338,-71.048880 42.354773,-71.051428 NORTHWEST
42.366976,-71.067909 42.365301,-71.064130 SOUTHEAST
42.354138,-71.054107 42.352917,-71.056257 SOUTHWEST
42.354138,-71.054107 42.353667,-71.053631 SOUTHEAST
42.354138,-71.054107 42.354654,-71.054661 NORTHWEST
42.354138,-71.054107 42.354362,-71.053673 NORTHEAST
42.360267,-71.070038 42.359494,-71.070128 SOUTH
42.360267,-71.070038 42.361025,-71.070041 NORTH
42.360267,-71.070038 42.360300,-71.068687 EAST
42.364402,-71.057764 42.364368,-71.058209 WEST
42.364402,-71.057764 42.365286,-71.057852 NORTH
42.364402,-71.057764 42.364434,-71.057319 EAST
42.365286,-71.057852 42.364402,-71.057764 SOUTH
42.365286,-71.057852 42.365242,-71.058391 WEST
42.365286,-71.057852 42.365726,-71.057891 NORTH
42.365286,-71.057852 42.365307,-71.057415 EAST
42.359615,-71.062839 42.359345,-71.062875 SOUTH
42.359615,-71.062839 42.359466,-71.063060 SOUTHWEST
42.359615,-71.062839 42.361183,-71.062882 NORTH
42.359615,-71.062839 42.359106,-71.062448 SOUTHEAST
42.359466,-71.063060 42.359345,-71.062875 SOUTHEAST
42.359466,-71.063060 42.359615,-71.062839 NORTHEAST
42.359466,-71.063060 42.359427,-71.063561 WEST
42.362172,-71.068627 42.362179,-71.067902 EAST
42.362172,-71.068627 42.362508,-71.070703 WEST
42.362172,-71.068627 42.361201,-71.068730 SOUTH
42.357094,-71.069471 42.357018,-71.069875 WEST
42.357094,-71.069471 42.357166,-71.069106 EAST
42.357094,-71.069471 42.357848,-71.069857 NORTH
42.357648,-71.053229 42.357971,-71.053011 NORTHEAST
42.357648,-71.053229 42.357700,-71.053366 NORTHWEST
42.357648,-71.053229 42.357436,-71.052676 SOUTHEAST
42.358265,-71.052810 42.358468,-71.053282 NORTHWEST
42.358265,-71.052810 42.358058,-71.052273 SOUTHEAST
42.358265,-71.052810 42.357971,-71.053011 SOUTHWEST
42.358770,-71.072308 42.358771,-71.071715 EAST
42.359448,-71.072118 42.359472,-71.070761 EAST
42.357051,-71.060363 42.357366,-71.061074 NORTHWEST
42.361472,-71.057730 42.361535,-71.057590 NORTHEAST
42.361472,-71.057730 42.360231,-71.057302 SOUTH
42.361472,-71.057730 42.362424,-71.058525 NORTHWEST
42.356788,-71.056761 42.356751,-71.057323 WEST
42.356788,-71.056761 42.356824,-71.056328 EAST
42.356788,-71.056761 42.355503,-71.056529 SOUTH
42.365722,-71.056364 42.365498,-71.055956 SOUTHEAST
42.365722,-71.056364 42.366413,-71.057345 NORTHWEST
42.365722,-71.056364 42.365512,-71.056624 SOUTHWEST
42.358337,-71.054208 42.357975,-71.053997 SOUTHEAST
42.358337,-71.054208 42.358649,-71.054373 NORTH
42.358337,-71.054208 42.357933,-71.055094 SOUTHWEST
42.361157,-71.064153 42.361166,-71.063817 EAST
42.361157,-71.064153 42.359408,-71.063957 SOUTH
42.361157,-71.064153 42.361148,-71.064558 WEST
42.361129,-71.066003 42.361137,-71.065156 EAST
42.361129,-71.066003 42.361129,-71.066383 WEST
42.361129,-71.066003 42.359325,-71.065961 SOUTH
42.365890,-71.057253 42.365616,-71.056805 SOUTHEAST
42.354654,-71.054661 42.354950,-71.054338 NORTHEAST
42.354654,-71.054661 42.355627,-71.055689 NORTHWEST
42.354654,-71.054661 42.353625,-71.056190 SOUTHWEST
42.354654,-71.054661 42.354138,-71.054107 SOUTHEAST
42.363917,-71.063468 42.363893,-71.063375 EAST
42.363917,-71.063468 42.364010,-71.063423 NORTH
42.363917,-71.063468 42.363399,-71.063714 SOUTH
42.364465,-71.056689 42.364362,-71.055555 EAST
42.364465,-71.056689 42.364434,-71.057319 WEST
42.364465,-71.056689 42.365331,-71.056767 NORTH
42.364465,-71.056689 42.364127,-71.056657 SOUTH
42.356746,-71.058060 42.356740,-71.057821 EAST
42.356746,-71.058060 42.355737,-71.058914 SOUTHWEST
42.356746,-71.058060 42.356983,-71.058765 NORTHWEST
42.365331,-71.056767 42.365394,-71.056770 NORTH
42.365331,-71.056767 42.365307,-71.057415 WEST
42.365331,-71.056767 42.364465,-71.056689 SOUTH
42.355503,-71.056529 42.356788,-71.056761 NORTH
42.355503,-71.056529 42.353625,-71.056190 SOUTH
42.355503,-71.056529 42.355627,-71.055689 EAST
42.355503,-71.056529 42.355439,-71.057342 WEST
42.365009,-71.053835 42.365114,-71.053984 NORTHWEST
42.365009,-71.053835 42.364779,-71.053461 SOUTHEAST
42.365009,-71.053835 42.364766,-71.054097 SOUTHWEST
42.365616,-71.056805 42.365394,-71.056770 SOUTH
42.365616,-71.056805 42.365890,-71.057253 NORTHWEST
42.365616,-71.056805 42.365512,-71.056624 SOUTHEAST
42.364766,-71.054097 42.365009,-71.053835 NORTHEAST
42.361137,-71.065156 42.360069,-71.065079 SOUTH
42.361137,-71.065156 42.361148,-71.064558 EAST
42.361137,-71.065156 42.361129,-71.066003 WEST
42.358275,-71.061496 42.359182,-71.061678 NORTH
42.358275,-71.061496 42.357905,-71.062749 WEST
42.358275,-71.061496 42.358000,-71.060461 EAST
42.361286,-71.063829 42.362194,-71.063911 NORTH
42.361286,-71.063829 42.361166,-71.063817 SOUTH
42.361286,-71.063829 42.361290,-71.063716 EAST
42.361286,-71.063829 42.361237,-71.066362 WEST
42.357663,-71.058094 42.357420,-71.058337 SOUTHWEST
42.357663,-71.058094 42.358819,-71.057832 NORTH
42.357663,-71.058094 42.357580,-71.057332 EAST
42.358007,-71.068515 42.357977,-71.068787 WEST
42.358007,-71.068515 42.358307,-71.066284 EAST
42.358007,-71.068515 42.357355,-71.068242 SOUTH
42.358007,-71.068515 42.358832,-71.068695 NORTH
42.363399,-71.063714 42.363477,-71.064061 WEST
42.363399,-71.063714 42.362194,-71.063911 SOUTH
42.363399,-71.063714 42.363377,-71.063611 EAST
42.363399,-71.063714 42.363917,-71.063468 NORTH
42.357436,-71.052676 42.357648,-71.053229 NORTHWEST
42.357436,-71.052676 42.356949,-71.053275 SOUTHWEST
42.357436,-71.052676 42.357760,-71.052466 NORTHEAST
42.357436,-71.052676 42.357310,-71.052328 SOUTHEAST
42.358810,-71.069936 42.358799,-71.070311 WEST
42.358810,-71.069936 42.358823,-71.068983 EAST
42.358810,-71.069936 42.359494,-71.070128 NORTH
42.358810,-71.069936 42.357896,-71.069477 SOUTH
42.358729,-71.053687 42.358468,-71.053282 SOUTHEAST
42.358729,-71.053687 42.358856,-71.053195 EAST
42.358729,-71.053687 42.358805,-71.053800 NORTHWEST
42.363725,-71.058397 42.363879,-71.058429 NORTH
42.363725,-71.058397 42.362771,-71.057507 SOUTHEAST
42.363725,-71.058397 42.363062,-71.059704 SOUTHWEST
42.358307,-71.066284 42.358340,-71.065080 EAST
42.358307,-71.066284 42.358007,-71.068515 WEST
42.358307,-71.066284 42.357831,-71.066103 SOUTH
42.361307,-71.062865 42.361010,-71.061229 EAST
42.361307,-71.062865 42.362176,-71.062269 NORTHEAST
42.361307,-71.062865 42.361183,-71.062882 SOUTH
42.361307,-71.062865 42.361290,-71.063716 WEST
42.357831,-71.066103 42.357418,-71.067937 WEST
42.357831,-71.066103 42.357001,-71.065792 SOUTH
42.357831,-71.066103 42.358307,-71.066284 NORTH
42.360900,-71.061317 42.359182,-71.061678 SOUTH
42.360900,-71.061317 42.358000,-71.060461 SOUTH
42.360900,-71.061317 42.361010,-71.061229 NORTHEAST
42.360900,-71.061317 42.361183,-71.062882 WEST
42.357418,-71.067937 42.357107,-71.067819 SOUTH
42.357418,-71.067937 42.357355,-71.068242 WEST
42.357418,-71.067937 42.357831,-71.066103 EAST
42.361010,-71.061229 42.360900,-71.061317 SOUTHWEST
42.361010,-71.061229 42.359096,-71.058945 SOUTHEAST
42.361010,-71.061229 42.361307,-71.062865 WEST
42.361010,-71.061229 42.361247,-71.060952 NORTHEAST
42.365883,-71.063895 42.365301,-71.064130 SOUTH
42.364171,-71.054654 42.363962,-71.054310 SOUTHEAST
42.357896,-71.069477 42.357977,-71.068787 EAST
42.357896,-71.069477 42.357166,-71.069106 SOUTH
42.357896,-71.069477 42.357848,-71.069857 WEST
42.357896,-71.069477 42.358810,-71.069936 NORTH
42.363962,-71.054310 42.363641,-71.054661 SOUTHWEST
42.363962,-71.054310 42.364320,-71.053919 NORTHEAST
42.363962,-71.054310 42.364171,-71.054654 NORTHWEST
42.356044,-71.053215 42.355247,-71.052069 SOUTHEAST
42.356044,-71.053215 42.356425,-71.052806 NORTHEAST
42.356044,-71.053215 42.355236,-71.054027 SOUTHWEST
42.356044,-71.053215 42.356608,-71.053929 NORTHWEST
42.357337,-71.054901 42.357650,-71.055290 NORTHWEST
42.357337,-71.054901 42.357203,-71.055109 SOUTHWEST
42.357337,-71.054901 42.357684,-71.054421 NORTHEAST
42.357337,-71.054901 42.356608,-71.053929 SOUTHEAST
42.362239,-71.051062 42.362628,-71.051005 NORTH
42.362239,-71.051062 42.362792,-71.051929 NORTHWEST
42.362239,-71.051062 42.361683,-71.051924 SOUTHWEST
42.357427,-71.071994 42.358771,-71.071715 NORTH
42.357427,-71.071994 42.357155,-71.071884 SOUTH
42.357427,-71.071994 42.357696,-71.070707 EAST
42.357427,-71.071994 42.357292,-71.072654 WEST
42.360567,-71.053240 42.360509,-71.053155 SOUTHEAST
42.360567,-71.053240 42.360823,-71.053716 NORTHWEST
42.360567,-71.053240 42.360931,-71.052795 NORTHEAST
42.365439,-71.069164 42.364374,-71.069741 SOUTH
42.356680,-71.050768 42.357886,-71.051349 NORTH
42.356680,-71.050768 42.355574,-71.050922 SOUTH
42.356680,-71.050768 42.356685,-71.051520 WEST
42.360509,-71.053155 42.360567,-71.053240 NORTHWEST
42.360509,-71.053155 42.359532,-71.052435 SOUTHEAST
42.360509,-71.053155 42.360931,-71.052795 NORTHEAST
42.360721,-71.055893 42.360387,-71.056709 SOUTHWEST
42.360721,-71.055893 42.361117,-71.055524 NORTHEAST
42.360721,-71.055893 42.360823,-71.053716 EAST
42.359055,-71.056958 42.358845,-71.057136 SOUTHWEST
42.359055,-71.056958 42.360231,-71.057302 NORTH
42.359055,-71.056958 42.358837,-71.056792 SOUTHEAST
42.356738,-71.053086 42.356949,-71.053275 NORTHWEST
42.356738,-71.053086 42.356425,-71.052806 SOUTHEAST
42.356738,-71.053086 42.357280,-71.052249 NORTHEAST
42.355739,-71.071311 42.356007,-71.070176 EAST
42.355739,-71.071311 42.355570,-71.072040 WEST
42.355739,-71.071311 42.356123,-71.071466 NORTH
42.356105,-71.069855 42.356208,-71.069440 EAST
42.356105,-71.069855 42.356453,-71.070043 NORTH
42.356105,-71.069855 42.356007,-71.070176 WEST
42.352665,-71.064472 42.355143,-71.063361 NORTH
42.362194,-71.063911 42.362174,-71.063800 EAST
42.362194,-71.063911 42.363424,-71.066558 NORTHWEST
42.362194,-71.063911 42.361286,-71.063829 SOUTH
42.362194,-71.063911 42.363399,-71.063714 NORTH
42.364287,-71.069783 42.364021,-71.068612 EAST
42.364287,-71.069783 42.362508,-71.070703 SOUTH
42.364287,-71.069783 42.364374,-71.069741 NORTH
42.355639,-71.062912 42.356511,-71.061982 NORTHEAST
42.355639,-71.062912 42.355143,-71.063361 SOUTHWEST
42.355639,-71.062912 42.354348,-71.061732 SOUTHEAST
42.362771,-71.057507 42.363206,-71.056947 NORTHEAST
42.362771,-71.057507 42.362152,-71.056507 SOUTHEAST
42.362771,-71.057507 42.362480,-71.058376 SOUTHWEST
42.362771,-71.057507 42.363725,-71.058397 NORTHWEST
42.359427,-71.063561 42.359466,-71.063060 EAST
42.359427,-71.063561 42.359408,-71.063957 WEST
42.359427,-71.063561 42.361168,-71.063724 NORTH
42.357444,-71.053779 42.356949,-71.053275 SOUTHEAST
42.357444,-71.053779 42.357684,-71.054421 NORTHWEST
42.357444,-71.053779 42.357700,-71.053366 NORTHEAST
42.357700,-71.053366 42.357975,-71.053997 NORTHWEST
42.357700,-71.053366 42.357444,-71.053779 SOUTHWEST
42.357700,-71.053366 42.357648,-71.053229 SOUTHEAST
42.358468,-71.053282 42.357975,-71.053997 SOUTHWEST
42.358468,-71.053282 42.358729,-71.053687 NORTHWEST
42.358468,-71.053282 42.358265,-71.052810 SOUTHEAST
42.358468,-71.053282 42.358669,-71.052184 EAST
42.361697,-71.057304 42.361284,-71.057080 SOUTH
42.361697,-71.057304 42.361920,-71.056911 NORTHEAST
42.361697,-71.057304 42.361535,-71.057590 SOUTHWEST
42.361278,-71.055824 42.361589,-71.056925 WEST
42.361278,-71.055824 42.362017,-71.056740 NORTHWEST
42.361278,-71.055824 42.361117,-71.055524 SOUTHEAST
42.365210,-71.061871 42.364696,-71.062579 SOUTHWEST
42.365210,-71.061871 42.365126,-71.061777 SOUTHEAST
42.365210,-71.061871 42.365545,-71.061245 NORTHEAST
42.358856,-71.053195 42.358947,-71.052263 EAST
42.358856,-71.053195 42.358729,-71.053687 WEST
42.358856,-71.053195 42.359370,-71.053348 NORTH
42.351946,-71.070712 42.353493,-71.071490 NORTH
42.362194,-71.066993 42.362179,-71.067902 WEST
42.362194,-71.066993 42.362195,-71.066870 EAST
42.362194,-71.066993 42.363421,-71.067031 NORTH
42.362194,-71.066993 42.361232,-71.066972 SOUTH
42.363915,-71.067514 42.364021,-71.068612 WEST
42.363915,-71.067514 42.364002,-71.067480 NORTH
42.363915,-71.067514 42.363421,-71.067031 SOUTHEAST
42.364320,-71.053919 42.365212,-71.055486 NORTHWEST
42.364320,-71.053919 42.363962,-71.054310 SOUTHWEST
42.364320,-71.053919 42.364779,-71.053461 NORTHEAST
42.364320,-71.053919 42.364054,-71.053431 SOUTHEAST
42.361166,-71.063817 42.361157,-71.064153 WEST
42.361166,-71.063817 42.361286,-71.063829 NORTH
42.361166,-71.063817 42.361168,-71.063724 EAST
42.359325,-71.065961 42.359319,-71.066354 WEST
42.359325,-71.065961 42.359347,-71.065039 EAST
42.359325,-71.065961 42.361129,-71.066003 NORTH
42.365498,-71.055956 42.365212,-71.055486 SOUTHEAST
42.365498,-71.055956 42.366193,-71.055522 NORTHEAST
42.365498,-71.055956 42.365722,-71.056364 NORTHWEST
42.361232,-71.066972 42.362194,-71.066993 NORTH
42.361232,-71.066972 42.361234,-71.066856 EAST
42.361232,-71.066972 42.361223,-71.067856 WEST
42.361232,-71.066972 42.361118,-71.066959 SOUTH
42.359306,-71.066830 42.359319,-71.066354 EAST
42.359306,-71.066830 42.359567,-71.066843 NORTH
42.359306,-71.066830 42.359291,-71.067707 WEST
42.362017,-71.052609 42.362792,-71.051929 NORTHEAST
42.362017,-71.052609 42.361683,-71.051924 SOUTHEAST
42.362017,-71.052609 42.361229,-71.053295 SOUTHWEST
42.362017,-71.052609 42.362232,-71.052938 NORTHWEST
42.366389,-71.059463 42.365462,-71.058395 SOUTHEAST
42.364696,-71.062579 42.364819,-71.062278 NORTHEAST
42.364696,-71.062579 42.364507,-71.062935 SOUTHWEST
42.364696,-71.062579 42.365210,-71.061871 NORTHEAST
42.363421,-71.067031 42.363423,-71.066915 EAST
42.363421,-71.067031 42.363915,-71.067514 NORTHWEST
42.363421,-71.067031 42.362194,-71.066993 SOUTH
42.365545,-71.061245 42.365455,-71.061152 SOUTHEAST
42.365545,-71.061245 42.365806,-71.060735 NORTHEAST
42.365545,-71.061245 42.365210,-71.061871 SOUTHWEST
42.364002,-71.067480 42.363423,-71.066915 SOUTHEAST
42.364002,-71.067480 42.364109,-71.068579 WEST
42.364002,-71.067480 42.364648,-71.067096 NORTHEAST
42.364002,-71.067480 42.363915,-71.067514 SOUTH
42.362673,-71.054046 42.362817,-71.054303 NORTHWEST
42.362232,-71.052938 42.362381,-71.053162 NORTHWEST
42.362232,-71.052938 42.362529,-71.052604 NORTHEAST
42.362232,-71.052938 42.362017,-71.052609 SOUTHEAST
42.359061,-71.051639 42.359178,-71.050891 EAST
42.359061,-71.051639 42.359631,-71.051804 NORTH
42.359061,-71.051639 42.358766,-71.051560 SOUTH
42.364827,-71.051065 42.365342,-71.051104 NORTH
42.364827,-71.051065 42.364937,-71.051788 WEST
42.364827,-71.051065 42.363993,-71.051072 SOUTH
42.353231,-71.056869 42.353625,-71.056190 NORTHEAST
42.355247,-71.052069 42.354773,-71.051428 SOUTHEAST
42.355247,-71.052069 42.354530,-71.053345 SOUTHWEST
42.355247,-71.052069 42.356044,-71.053215 NORTHWEST
42.355247,-71.052069 42.356685,-71.051520 NORTH
42.349727,-71.086934 42.353846,-71.071676 EAST
42.362930,-71.055326 42.362796,-71.055067 SOUTHEAST
42.362930,-71.055326 42.362545,-71.055814 SOUTHWEST
42.362930,-71.055326 42.363404,-71.054891 NORTHEAST
42.362796,-71.055067 42.362930,-71.055326 NORTHWEST
42.361290,-71.063716 42.362174,-71.063800 NORTH
42.361290,-71.063716 42.361307,-71.062865 EAST
42.361290,-71.063716 42.361286,-71.063829 WEST
42.361290,-71.063716 42.361168,-71.063724 SOUTH
42.365806,-71.060735 42.365545,-71.061245 SOUTHWEST
42.363838,-71.057243 42.363836,-71.057263 WEST
42.363838,-71.057243 42.363871,-71.056639 EAST
42.363838,-71.057243 42.363377,-71.057199 SOUTH
42.356554,-71.052300 42.356805,-71.052404 NORTH
42.356554,-71.052300 42.356425,-71.052806 WEST
42.356554,-71.052300 42.356685,-71.051520 EAST
42.357886,-71.051349 42.357809,-71.051928 WEST
42.357886,-71.051349 42.358023,-71.050302 EAST
42.357886,-71.051349 42.356680,-71.050768 SOUTH
42.357886,-71.051349 42.358766,-71.051560 NORTH
42.355353,-71.050320 42.355574,-71.050922 NORTHWEST
42.352586,-71.055438 42.353667,-71.053631 NORTHEAST
42.356751,-71.057323 42.356740,-71.057821 WEST
42.356751,-71.057323 42.355439,-71.057342 SOUTH
42.356751,-71.057323 42.356788,-71.056761 EAST
42.356751,-71.057323 42.357580,-71.057332 NORTH
42.364434,-71.057319 42.364402,-71.057764 WEST
42.364434,-71.057319 42.363836,-71.057263 SOUTH
42.364434,-71.057319 42.364465,-71.056689 EAST
42.364434,-71.057319 42.365307,-71.057415 NORTH
42.355463,-71.072492 42.355533,-71.072190 EAST
42.365726,-71.057891 42.365286,-71.057852 SOUTH
42.366413,-71.054724 42.366167,-71.054900 SOUTHWEST
42.358947,-71.052263 42.358856,-71.053195 WEST
42.358947,-71.052263 42.359532,-71.052435 NORTH
42.358947,-71.052263 42.358669,-71.052184 SOUTH
42.358071,-71.064714 42.358041,-71.065095 WEST
42.358805,-71.053800 42.359266,-71.054074 NORTHWEST
42.358805,-71.053800 42.358729,-71.053687 SOUTHEAST
42.358805,-71.053800 42.358649,-71.054373 WEST
42.358023,-71.050302 42.357886,-71.051349 WEST
42.361183,-71.062882 42.360900,-71.061317 EAST
42.361183,-71.062882 42.359615,-71.062839 SOUTH
42.361183,-71.062882 42.361307,-71.062865 NORTH
42.361183,-71.062882 42.361168,-71.063724 WEST
42.361168,-71.063724 42.361290,-71.063716 NORTH
42.361168,-71.063724 42.361166,-71.063817 WEST
42.361168,-71.063724 42.359427,-71.063561 SOUTH
42.361168,-71.063724 42.361183,-71.062882 EAST
42.359345,-71.062875 42.359615,-71.062839 NORTH
42.359345,-71.062875 42.359062,-71.062891 SOUTH
42.359345,-71.062875 42.359466,-71.063060 NORTHWEST
42.362817,-71.054303 42.363096,-71.054075 NORTHEAST
42.362817,-71.054303 42.362673,-71.054046 SOUTHEAST
42.362817,-71.054303 42.362060,-71.054919 SOUTHWEST
42.365394,-71.056770 42.365331,-71.056767 SOUTH
42.365394,-71.056770 42.365512,-71.056624 NORTHEAST
42.365394,-71.056770 42.365616,-71.056805 NORTH
42.352836,-71.067617 42.356007,-71.070176 NORTHWEST
42.363993,-71.051072 42.364196,-71.051789 WEST
42.363993,-71.051072 42.364827,-71.051065 NORTH
42.363993,-71.051072 42.363753,-71.051063 SOUTH
42.363174,-71.059598 42.363985,-71.060477 NORTHWEST
42.363174,-71.059598 42.363556,-71.058984 NORTHEAST
42.363174,-71.059598 42.363062,-71.059704 SOUTHWEST
42.356208,-71.069440 42.356593,-71.067615 EAST
42.356208,-71.069440 42.356698,-71.069703 NORTH
42.356208,-71.069440 42.356105,-71.069855 WEST
42.357155,-71.071884 42.357427,-71.071994 NORTH
42.357155,-71.071884 42.357069,-71.071849 SOUTH
42.357155,-71.071884 42.357081,-71.072224 WEST
42.356425,-71.052806 42.356554,-71.052300 EAST
42.356425,-71.052806 42.356044,-71.053215 SOUTHWEST
42.356425,-71.052806 42.356738,-71.053086 NORTHWEST
42.356902,-71.055750 42.357203,-71.055109 NORTHEAST
42.356902,-71.055750 42.356824,-71.056328 WEST
42.356902,-71.055750 42.357584,-71.056413 NORTHWEST
42.356902,-71.055750 42.356068,-71.054886 SOUTHEAST
42.357714,-71.064642 42.357670,-71.065093 WEST
42.357366,-71.061074 42.357051,-71.060363 SOUTHEAST
42.357366,-71.061074 42.358000,-71.060461 NORTHEAST
42.357366,-71.061074 42.357174,-71.061273 SOUTHWEST
42.363483,-71.052777 42.363310,-71.053827 WEST
42.363483,-71.052777 42.363936,-71.053089 NORTHWEST
42.363483,-71.052777 42.363676,-71.052120 EAST
42.357990,-71.055445 42.357933,-71.055094 EAST
42.357990,-71.055445 42.357802,-71.055361 SOUTH
42.357990,-71.055445 42.358148,-71.055521 NORTH
42.367188,-71.052507 42.365565,-71.052951 SOUTH
42.367188,-71.052507 42.368226,-71.056643 WEST
42.367188,-71.052507 42.366124,-71.051274 SOUTHEAST
42.366366,-71.058479 42.365462,-71.058395 SOUTH
42.363698,-71.055368 42.363404,-71.054891 SOUTHEAST
42.363404,-71.054891 42.363641,-71.054661 NORTHEAST
42.363404,-71.054891 42.363698,-71.055368 NORTHWEST
42.363404,-71.054891 42.362930,-71.055326 SOUTHWEST
42.358649,-71.054373 42.358337,-71.054208 SOUTH
42.358649,-71.054373 42.358805,-71.053800 EAST
42.358649,-71.054373 42.359204,-71.054650 NORTH
42.356801,-71.060432 42.356429,-71.060782 SOUTHWEST
42.356801,-71.060432 42.356709,-71.060238 SOUTHEAST
42.356801,-71.060432 42.357174,-71.061273 NORTHWEST
42.356709,-71.060238 42.357697,-71.059360 NORTHEAST
42.356709,-71.060238 42.356801,-71.060432 NORTHWEST
42.356709,-71.060238 42.356983,-71.058765 EAST
42.362920,-71.051494 42.362628,-71.051005 SOUTHEAST
42.360063,-71.065570 42.360069,-71.065079 EAST
42.356511,-71.061982 42.355639,-71.062912 SOUTHWEST
42.356511,-71.061982 42.357707,-71.063236 NORTHWEST
42.356511,-71.061982 42.357174,-71.061273 NORTHEAST
42.357292,-71.072654 42.357427,-71.071994 EAST
42.360069,-71.065079 42.361137,-71.065156 NORTH
42.360069,-71.065079 42.360063,-71.065570 WEST
42.360069,-71.065079 42.359347,-71.065039 SOUTH
42.356453,-71.070043 42.356123,-71.071466 WEST
42.356453,-71.070043 42.356921,-71.070284 NORTH
42.356453,-71.070043 42.356105,-71.069855 SOUTH
42.356624,-71.071669 42.356357,-71.072934 WEST
42.356624,-71.071669 42.356260,-71.071522 SOUTH
42.356624,-71.071669 42.357069,-71.071849 NORTH
42.356624,-71.071669 42.356921,-71.070284 EAST
42.358044,-71.056544 42.358837,-71.056792 NORTH
42.358044,-71.056544 42.357584,-71.056413 SOUTH
42.358044,-71.056544 42.358248,-71.055567 EAST
42.356921,-71.070284 42.357018,-71.069875 EAST
42.356921,-71.070284 42.357377,-71.070548 NORTHWEST
42.356921,-71.070284 42.356453,-71.070043 SOUTH
42.356921,-71.070284 42.356624,-71.071669 WEST
42.357001,-71.065792 42.357165,-71.065086 EAST
42.357001,-71.065792 42.356593,-71.067615 WEST
42.357001,-71.065792 42.357831,-71.066103 NORTH
42.361399,-71.070593 42.362508,-71.070703 NORTH
42.361399,-71.070593 42.360956,-71.070905 SOUTHWEST
42.361399,-71.070593 42.361201,-71.068730 EAST
42.356698,-71.069703 42.356208,-71.069440 SOUTH
42.356698,-71.069703 42.357018,-71.069875 NORTH
42.356698,-71.069703 42.357107,-71.067819 EAST
42.356593,-71.067615 42.356208,-71.069440 WEST
42.356593,-71.067615 42.357107,-71.067819 NORTH
42.356593,-71.067615 42.357001,-71.065792 EAST
42.359769,-71.050931 42.360181,-71.048338 EAST
42.359769,-71.050931 42.359178,-71.050891 SOUTH
42.359769,-71.050931 42.359631,-71.051804 WEST
42.359631,-71.051804 42.359061,-71.051639 SOUTH
42.359631,-71.051804 42.359769,-71.050931 EAST
42.359631,-71.051804 42.359532,-71.052435 WEST
42.359631,-71.051804 42.360931,-71.052795 NORTHWEST
42.357018,-71.069875 42.357094,-71.069471 EAST
42.357018,-71.069875 42.356698,-71.069703 SOUTH
42.357018,-71.069875 42.356921,-71.070284 WEST
42.357018,-71.069875 42.357781,-71.070284 NORTH
42.364362,-71.055555 42.364123,-71.055563 SOUTH
42.364362,-71.055555 42.364740,-71.055527 NORTH
42.364362,-71.055555 42.364465,-71.056689 WEST
42.364779,-71.053461 42.364674,-71.053176 SOUTHEAST
42.364779,-71.053461 42.365089,-71.053176 NORTHEAST
42.364779,-71.053461 42.364320,-71.053919 SOUTHWEST
42.364779,-71.053461 42.365009,-71.053835 NORTHWEST
42.357933,-71.055094 42.358337,-71.054208 NORTHEAST
42.357933,-71.055094 42.357802,-71.055361 SOUTHWEST
42.357933,-71.055094 42.357684,-71.054421 SOUTHEAST
42.357933,-71.055094 42.357990,-71.055445 WEST
42.355570,-71.072040 42.355533,-71.072190 WEST
42.355570,-71.072040 42.355739,-71.071311 EAST
42.355570,-71.072040 42.356079,-71.072288 NORTH
42.359340,-71.053543 42.359667,-71.054397 NORTHWEST
42.359340,-71.053543 42.359266,-71.054074 WEST
42.359340,-71.053543 42.359370,-71.053348 EAST
42.357802,-71.055361 42.357650,-71.055290 SOUTH
42.357802,-71.055361 42.357933,-71.055094 NORTHEAST
42.357802,-71.055361 42.357584,-71.056413 WEST
42.357802,-71.055361 42.357990,-71.055445 NORTH
42.363836,-71.057263 42.363838,-71.057243 EAST
42.363836,-71.057263 42.363814,-71.057673 WEST
42.363836,-71.057263 42.364434,-71.057319 NORTH
42.363871,-71.056639 42.363838,-71.057243 WEST
42.363871,-71.056639 42.363594,-71.055866 SOUTHEAST
42.363871,-71.056639 42.364127,-71.056657 NORTH
42.364109,-71.068579 42.364021,-71.068612 SOUTH
42.364109,-71.068579 42.364002,-71.067480 EAST
42.364109,-71.068579 42.364782,-71.068324 NORTH
42.364109,-71.068579 42.364374,-71.069741 WEST
42.363814,-71.057673 42.364368,-71.058209 NORTHWEST
42.363814,-71.057673 42.363836,-71.057263 EAST
42.363814,-71.057673 42.363377,-71.057199 SOUTHEAST
42.358248,-71.055567 42.358971,-71.055908 NORTH
42.358248,-71.055567 42.358044,-71.056544 WEST
42.358248,-71.055567 42.358148,-71.055521 SOUTH
42.364782,-71.068324 42.364109,-71.068579 SOUTH
42.363594,-71.055866 42.362829,-71.056315 SOUTHWEST
42.363594,-71.055866 42.363880,-71.055682 NORTHEAST
42.363594,-71.055866 42.363871,-71.056639 NORTHWEST
42.364021,-71.068612 42.364109,-71.068579 NORTH
42.364021,-71.068612 42.363915,-71.067514 EAST
42.364021,-71.068612 42.364287,-71.069783 WEST
42.365283,-71.053066 42.365089,-71.053176 SOUTHWEST
42.365283,-71.053066 42.364937,-71.051788 EAST
42.365283,-71.053066 42.365565,-71.052951 NORTH
42.353625,-71.056190 42.353231,-71.056869 SOUTHWEST
42.353625,-71.056190 42.355503,-71.056529 NORTH
42.353625,-71.056190 42.354654,-71.054661 NORTHEAST
42.363568,-71.062106 42.363893,-71.063375 WEST
42.363568,-71.062106 42.363660,-71.062082 NORTH
42.363568,-71.062106 42.363391,-71.061425 EAST
42.357174,-71.061273 42.356511,-71.061982 SOUTHWEST
42.357174,-71.061273 42.357366,-71.061074 NORTHEAST
42.357174,-71.061273 42.356801,-71.060432 SOUTHEAST
42.363391,-71.061425 42.363568,-71.062106 WEST
42.363391,-71.061425 42.363457,-71.061322 NORTHEAST
42.363391,-71.061425 42.363005,-71.059944 EAST
42.363377,-71.057199 42.363814,-71.057673 NORTHWEST
42.363377,-71.057199 42.363206,-71.056947 SOUTHEAST
42.363377,-71.057199 42.363838,-71.057243 NORTH
42.364937,-71.051788 42.364196,-71.051789 SOUTH
42.364937,-71.051788 42.365283,-71.053066 WEST
42.364937,-71.051788 42.364827,-71.051065 EAST
42.364937,-71.051788 42.365261,-71.051766 NORTH
42.356824,-71.056328 42.356788,-71.056761 WEST
42.356824,-71.056328 42.355627,-71.055689 SOUTH
42.356824,-71.056328 42.356902,-71.055750 EAST
42.356824,-71.056328 42.357584,-71.056413 NORTH
42.359370,-71.053348 42.358856,-71.053195 SOUTH
42.359370,-71.053348 42.359532,-71.052435 EAST
42.359370,-71.053348 42.359340,-71.053543 WEST
42.363986,-71.063332 42.363893,-71.063375 SOUTH
42.363986,-71.063332 42.363660,-71.062082 EAST
42.363986,-71.063332 42.364220,-71.063271 NORTH
42.363986,-71.063332 42.364010,-71.063423 WEST
42.361284,-71.057080 42.361697,-71.057304 NORTH
42.361284,-71.057080 42.361589,-71.056925 NORTH
42.361284,-71.057080 42.360387,-71.056709 SOUTH
42.359062,-71.062891 42.359345,-71.062875 NORTH
42.359062,-71.062891 42.357905,-71.062749 SOUTH
42.359062,-71.062891 42.359106,-71.062448 EAST
42.354483,-71.059138 42.354090,-71.058622 SOUTHEAST
42.354483,-71.059138 42.355737,-71.058914 NORTH
42.354483,-71.059138 42.355452,-71.058039 NORTHEAST
42.354483,-71.059138 42.353609,-71.060296 SOUTHWEST
42.361129,-71.066383 42.360339,-71.066378 SOUTH
42.361129,-71.066383 42.361129,-71.066003 EAST
42.361129,-71.066383 42.361237,-71.066362 NORTH
42.361129,-71.066383 42.361118,-71.066959 WEST
42.360273,-71.057157 42.361535,-71.057590 NORTH
42.360273,-71.057157 42.360387,-71.056709 EAST
42.360273,-71.057157 42.360231,-71.057302 WEST
42.360273,-71.057157 42.358837,-71.056792 SOUTH
42.362424,-71.058525 42.361247,-71.060952 SOUTHWEST
42.362424,-71.058525 42.361472,-71.057730 SOUTHEAST
42.362424,-71.058525 42.362480,-71.058376 NORTHEAST
42.362424,-71.058525 42.363005,-71.059944 NORTHWEST
42.363005,-71.059944 42.363391,-71.061425 WEST
42.363005,-71.059944 42.362424,-71.058525 SOUTHEAST
42.363005,-71.059944 42.362176,-71.062269 SOUTHWEST
42.363005,-71.059944 42.363062,-71.059704 EAST
42.364220,-71.063271 42.365301,-71.064130 NORTHWEST
42.364220,-71.063271 42.364010,-71.063423 SOUTHWEST
42.364220,-71.063271 42.363986,-71.063332 SOUTH
42.364220,-71.063271 42.364507,-71.062935 NORTHEAST
42.353337,-71.057880 42.353524,-71.057801 NORTH
42.353864,-71.062191 42.350958,-71.063001 SOUTH
42.353864,-71.062191 42.354348,-71.061732 NORTHEAST
42.353864,-71.062191 42.353471,-71.061334 SOUTHEAST
42.353675,-71.058025 42.355140,-71.057498 NORTH
42.353675,-71.058025 42.354090,-71.058622 NORTHWEST
42.353675,-71.058025 42.353524,-71.057801 SOUTHEAST
42.353297,-71.063799 42.354825,-71.062654 NORTHEAST
42.359291,-71.067707 42.358844,-71.067672 SOUTH
42.359291,-71.067707 42.359544,-71.067725 NORTH
42.359291,-71.067707 42.359306,-71.066830 EAST
42.359291,-71.067707 42.359282,-71.068604 WEST
42.356079,-71.072288 42.356060,-71.073080 WEST
42.356079,-71.072288 42.356260,-71.071522 EAST
42.356079,-71.072288 42.355570,-71.072040 SOUTH
42.359494,-71.070128 42.360267,-71.070038 NORTH
42.359494,-71.070128 42.359505,-71.069743 EAST
42.359494,-71.070128 42.359472,-71.070761 WEST
42.359494,-71.070128 42.358810,-71.069936 SOUTH
42.357280,-71.052249 42.357158,-71.051636 EAST
42.357280,-71.052249 42.357310,-71.052328 NORTHWEST
42.357280,-71.052249 42.356738,-71.053086 SOUTHWEST
42.357310,-71.052328 42.357280,-71.052249 SOUTHEAST
42.357310,-71.052328 42.357760,-71.052466 NORTH
42.357310,-71.052328 42.357436,-71.052676 NORTHWEST
42.356685,-71.051520 42.357158,-71.051636 NORTH
42.356685,-71.051520 42.356554,-71.052300 WEST
42.356685,-71.051520 42.355247,-71.052069 SOUTH
42.356685,-71.051520 42.356680,-71.050768 EAST
42.353325,-71.053273 42.353667,-71.053631 NORTHWEST
42.359096,-71.058945 42.361010,-71.061229 NORTHWEST
42.359096,-71.058945 42.359000,-71.058625 EAST
42.359000,-71.058625 42.359096,-71.058945 WEST
42.359000,-71.058625 42.358819,-71.057832 EAST
42.357158,-71.051636 42.357809,-71.051928 NORTH
42.357158,-71.051636 42.356685,-71.051520 SOUTH
42.357158,-71.051636 42.357280,-71.052249 WEST
42.364634,-71.059427 42.365455,-71.061152 NORTHWEST
42.364634,-71.059427 42.364892,-71.058983 NORTHEAST
42.364634,-71.059427 42.364353,-71.059876 SOUTHWEST
42.364892,-71.058983 42.364634,-71.059427 SOUTHWEST
42.364892,-71.058983 42.364289,-71.058447 SOUTHEAST
42.364892,-71.058983 42.365242,-71.058391 NORTHEAST
42.364892,-71.058983 42.366002,-71.060224 NORTHWEST
42.359319,-71.066354 42.359578,-71.066358 NORTH
42.359319,-71.066354 42.359306,-71.066830 WEST
42.359319,-71.066354 42.359325,-71.065961 EAST
42.359352,-71.064385 42.359347,-71.065039 WEST
42.359352,-71.064385 42.361148,-71.064558 NORTH
42.359352,-71.064385 42.359408,-71.063957 EAST
42.359352,-71.064385 42.358340,-71.065080 SOUTHWEST
42.361683,-71.051924 42.362239,-71.051062 NORTHEAST
42.361683,-71.051924 42.362017,-71.052609 NORTHWEST
42.361683,-71.051924 42.360931,-71.052795 SOUTHWEST
42.361920,-71.056911 42.361697,-71.057304 SOUTHWEST
42.361920,-71.056911 42.361589,-71.056925 SOUTH
42.361920,-71.056911 42.362017,-71.056740 NORTHEAST
42.355439,-71.057342 42.355140,-71.057498 SOUTH
42.355439,-71.057342 42.356751,-71.057323 NORTH
42.355439,-71.057342 42.355503,-71.056529 EAST
42.355439,-71.057342 42.355452,-71.058039 WEST
42.356983,-71.058765 42.357420,-71.058337 NORTHEAST
42.356983,-71.058765 42.356746,-71.058060 SOUTHEAST
42.356983,-71.058765 42.356709,-71.060238 WEST
42.358669,-71.052184 42.357809,-71.051928 SOUTH
42.358669,-71.052184 42.358947,-71.052263 NORTH
42.358669,-71.052184 42.358468,-71.053282 WEST
42.358669,-71.052184 42.358766,-71.051560 EAST
42.355452,-71.058039 42.356740,-71.057821 NORTH
42.355452,-71.058039 42.355439,-71.057342 EAST
42.355452,-71.058039 42.355737,-71.058914 NORTHWEST
42.355452,-71.058039 42.354483,-71.059138 SOUTHWEST
42.356805,-71.052404 42.356554,-71.052300 SOUTH
42.355143,-71.063361 42.352665,-71.064472 SOUTH
42.355143,-71.063361 42.355639,-71.062912 NORTHEAST
42.355143,-71.063361 42.354825,-71.062654 SOUTHEAST
42.354825,-71.062654 42.354348,-71.061732 SOUTHEAST
42.354825,-71.062654 42.353297,-71.063799 SOUTHWEST
42.354825,-71.062654 42.355143,-71.063361 NORTHWEST
42.358766,-71.051560 42.357886,-71.051349 SOUTH
42.358766,-71.051560 42.359061,-71.051639 NORTH
42.358766,-71.051560 42.359178,-71.050891 NORTHEAST
42.358766,-71.051560 42.358669,-71.052184 WEST
42.365766,-71.054258 42.365089,-71.053176 SOUTHEAST
42.365766,-71.054258 42.365529,-71.054570 SOUTHWEST
42.365766,-71.054258 42.366167,-71.054900 NORTHWEST
42.365089,-71.053176 42.365283,-71.053066 NORTHEAST
42.365089,-71.053176 42.364779,-71.053461 SOUTHWEST
42.365089,-71.053176 42.365766,-71.054258 NORTHWEST
42.365529,-71.054570 42.365114,-71.053984 SOUTHEAST
42.365529,-71.054570 42.365886,-71.055089 NORTHWEST
42.365529,-71.054570 42.365766,-71.054258 NORTHEAST
42.361148,-71.064558 42.361137,-71.065156 WEST
42.361148,-71.064558 42.361157,-71.064153 EAST
42.361148,-71.064558 42.359352,-71.064385 SOUTH
42.359204,-71.054650 42.359249,-71.054266 EAST
42.359204,-71.054650 42.358649,-71.054373 SOUTH
42.359204,-71.054650 42.359059,-71.055442 WEST
42.360231,-71.057302 42.359055,-71.056958 SOUTH
42.360231,-71.057302 42.361472,-71.057730 NORTH
42.360231,-71.057302 42.360273,-71.057157 EAST
42.357355,-71.068242 42.357418,-71.067937 EAST
42.357355,-71.068242 42.358007,-71.068515 NORTH
42.357355,-71.068242 42.357166,-71.069106 WEST
42.357166,-71.069106 42.357896,-71.069477 NORTH
42.357166,-71.069106 42.357094,-71.069471 WEST
42.357166,-71.069106 42.357355,-71.068242 EAST
42.357977,-71.068787 42.357896,-71.069477 WEST
42.357977,-71.068787 42.358823,-71.068983 NORTH
42.357977,-71.068787 42.358007,-71.068515 EAST
42.353524,-71.057801 42.353337,-71.057880 SOUTH
42.353524,-71.057801 42.353675,-71.058025 NORTHWEST
42.353524,-71.057801 42.353346,-71.057391 SOUTHEAST
42.360823,-71.053716 42.361432,-71.054905 NORTHWEST
42.360823,-71.053716 42.360567,-71.053240 SOUTHEAST
42.360823,-71.053716 42.360721,-71.055893 WEST
42.358788,-71.070722 42.358799,-71.070311 EAST
42.358788,-71.070722 42.358771,-71.071715 WEST
42.358788,-71.070722 42.359472,-71.070761 NORTH
42.358788,-71.070722 42.357781,-71.070284 SOUTH
42.364740,-71.055527 42.365212,-71.055486 NORTH
42.364740,-71.055527 42.364362,-71.055555 SOUTH
42.364740,-71.055527 42.364807,-71.056059 WEST
42.357696,-71.070707 42.358106,-71.071001 NORTHWEST
42.357696,-71.070707 42.357377,-71.070548 SOUTH
42.357696,-71.070707 42.357427,-71.071994 WEST
42.357696,-71.070707 42.357781,-71.070284 EAST
42.359472,-71.070761 42.359494,-71.070128 EAST
42.359472,-71.070761 42.358788,-71.070722 SOUTH
42.359472,-71.070761 42.360956,-71.070905 NORTH
42.359472,-71.070761 42.359448,-71.072118 WEST
42.365342,-71.051104 42.365247,-71.049357 EAST
42.365342,-71.051104 42.366124,-71.051274 NORTH
42.365342,-71.051104 42.364827,-71.051065 SOUTH
42.365512,-71.056624 42.365394,-71.056770 SOUTHWEST
42.365512,-71.056624 42.365722,-71.056364 NORTHEAST
42.365512,-71.056624 42.365616,-71.056805 NORTHWEST
42.355140,-71.057498 42.355439,-71.057342 NORTH
42.355140,-71.057498 42.354090,-71.058622 SOUTHWEST
42.355140,-71.057498 42.353675,-71.058025 SOUTH
42.365261,-71.051766 42.365565,-71.052951 WEST
42.365261,-71.051766 42.366124,-71.051274 NORTHEAST
42.365261,-71.051766 42.364937,-71.051788 SOUTH
42.358106,-71.071001 42.357696,-71.070707 SOUTHEAST
42.365301,-71.064130 42.364220,-71.063271 SOUTHEAST
42.365301,-71.064130 42.365184,-71.064348 SOUTHWEST
42.365301,-71.064130 42.365883,-71.063895 NORTH
42.365301,-71.064130 42.366976,-71.067909 NORTHWEST
42.356429,-71.060782 42.356801,-71.060432 NORTHEAST
42.368226,-71.056643 42.367188,-71.052507 EAST
42.353471,-71.061334 42.352484,-71.061425 SOUTH
42.353471,-71.061334 42.353864,-71.062191 NORTHWEST
42.353471,-71.061334 42.353160,-71.060721 SOUTHEAST
42.366193,-71.055522 42.365498,-71.055956 SOUTHWEST
42.361201,-71.068730 42.361399,-71.070593 WEST
42.361201,-71.068730 42.362172,-71.068627 NORTH
42.361201,-71.068730 42.361223,-71.067856 EAST
42.358148,-71.055521 42.358150,-71.055204 EAST
42.358148,-71.055521 42.358248,-71.055567 NORTH
42.358148,-71.055521 42.357990,-71.055445 SOUTH
42.361223,-71.067856 42.361232,-71.066972 EAST
42.361223,-71.067856 42.361201,-71.068730 WEST
42.361223,-71.067856 42.362179,-71.067902 NORTH
42.358150,-71.055204 42.358148,-71.055521 WEST
42.364353,-71.059876 42.365455,-71.061152 NORTHWEST
42.364353,-71.059876 42.364634,-71.059427 NORTHEAST
42.364353,-71.059876 42.363556,-71.058984 SOUTHEAST
42.364353,-71.059876 42.363985,-71.060477 SOUTHWEST
42.365455,-71.061152 42.364634,-71.059427 SOUTHEAST
42.365455,-71.061152 42.364353,-71.059876 SOUTHEAST
42.365455,-71.061152 42.365126,-71.061777 SOUTHWEST
42.365455,-71.061152 42.365545,-71.061245 NORTHWEST
42.365126,-71.061777 42.365455,-71.061152 NORTHEAST
42.365126,-71.061777 42.363985,-71.060477 SOUTHEAST
42.365126,-71.061777 42.364819,-71.062278 SOUTHWEST
42.365126,-71.061777 42.365210,-71.061871 NORTHWEST
42.357975,-71.053997 42.358468,-71.053282 NORTHEAST
42.357975,-71.053997 42.358337,-71.054208 NORTHWEST
42.357975,-71.053997 42.357684,-71.054421 SOUTHWEST
42.357975,-71.053997 42.357700,-71.053366 SOUTHEAST
42.357107,-71.067819 42.357418,-71.067937 NORTH
42.357107,-71.067819 42.356698,-71.069703 WEST
42.357107,-71.067819 42.356593,-71.067615 SOUTH
42.360181,-71.048338 42.359769,-71.050931 WEST
42.349368,-71.086815 42.353493,-71.071490 EAST
42.364374,-71.069741 42.364109,-71.068579 EAST
42.364374,-71.069741 42.364287,-71.069783 SOUTH
42.364374,-71.069741 42.365439,-71.069164 NORTH
42.353609,-71.060296 42.353381,-71.059852 SOUTHEAST
42.353609,-71.060296 42.353160,-71.060721 SOUTHWEST
42.353609,-71.060296 42.354483,-71.059138 NORTHEAST
42.353846,-71.071676 42.354648,-71.072069 NORTH
42.353846,-71.071676 42.349727,-71.086934 WEST
42.353846,-71.071676 42.353493,-71.071490 SOUTH
42.366124,-71.051274 42.365342,-71.051104 SOUTH
42.366124,-71.051274 42.367188,-71.052507 NORTHWEST
42.366124,-71.051274 42.365261,-71.051766 SOUTHWEST
42.365247,-71.049357 42.365342,-71.051104 WEST
42.359505,-71.069743 42.359494,-71.070128 WEST
42.359505,-71.069743 42.359539,-71.068617 EAST
42.359505,-71.069743 42.359282,-71.068604 EAST
42.367240,-71.067098 42.365470,-71.064637 SOUTHEAST
42.362529,-71.052604 42.362232,-71.052938 SOUTHWEST
42.364206,-71.052652 42.363936,-71.053089 SOUTHWEST
42.364206,-71.052652 42.364390,-71.052353 NORTHEAST
42.364206,-71.052652 42.363676,-71.052120 SOUTHEAST
