37.786112,-122.392906 37.786035,-122.393003 SOUTHWEST
37.786112,-122.392906 37.786866,-122.393935 NORTHWEST
37.786112,-122.392906 37.786773,-122.392070 NORTHEAST
37.775354,-122.397240 37.776574,-122.398770 NORTHWEST
37.775354,-122.397240 37.777103,-122.394997 NORTHEAST
37.775354,-122.397240 37.771833,-122.401682 SOUTHWEST
37.774286,-122.404762 37.772541,-122.406967 SOUTHWEST
37.774286,-122.404762 37.775520,-122.406308 NORTHWEST
37.774286,-122.404762 37.776045,-122.402538 NORTHEAST
37.774286,-122.404762 37.773056,-122.403220 SOUTHEAST
37.786434,-122.408056 37.787367,-122.408233 NORTH
37.786434,-122.408056 37.787768,-122.405057 NORTHEAST
37.786434,-122.408056 37.786318,-122.408954 WEST
37.786434,-122.408056 37.785500,-122.407868 SOUTH
37.769472,-122.410933 37.770337,-122.409767 NORTHEAST
37.772527,-122.393951 37.774425,-122.391600 NORTHEAST
37.796634,-122.401871 37.795722,-122.401693 SOUTH
37.796308,-122.404428 37.795757,-122.403618 SOUTHEAST
37.780272,-122.418615 37.780499,-122.416990 EAST
37.780272,-122.418615 37.779892,-122.421911 WEST
37.780272,-122.418615 37.777516,-122.418064 SOUTH
37.780272,-122.418615 37.781242,-122.418811 NORTH
37.796223,-122.405147 37.795329,-122.404966 SOUTH
37.782174,-122.419005 37.781756,-122.422292 WEST
37.782174,-122.419005 37.781242,-122.418811 SOUTH
37.782174,-122.419005 37.784973,-122.419570 NORTH
37.782174,-122.419005 37.782384,-122.417360 EAST
37.785903,-122.419757 37.786111,-122.418111 EAST
37.785903,-122.419757 37.785486,-122.423045 WEST
37.785903,-122.419757 37.784973,-122.419570 SOUTH
37.785903,-122.419757 37.786833,-122.419945 NORTH
37.795828,-122.408269 37.796576,-122.408420 NORTH
37.795828,-122.408269 37.794065,-122.407914 SOUTH
37.795828,-122.408269 37.795622,-122.409915 WEST
37.795828,-122.408269 37.795931,-122.407451 EAST
37.770337,-122.409767 37.771587,-122.411287 NORTHWEST
37.770337,-122.409767 37.771301,-122.408537 NORTHEAST
37.770337,-122.409767 37.769472,-122.410933 SOUTHWEST
37.770337,-122.409767 37.769573,-122.408769 SOUTHEAST
37.789630,-122.420509 37.790584,-122.420701 NORTH
37.789630,-122.420509 37.789212,-122.423798 WEST
37.789630,-122.420509 37.788697,-122.420321 SOUTH
37.789630,-122.420509 37.789838,-122.418864 EAST
37.775278,-122.415923 37.774325,-122.417126 SOUTHWEST
37.775278,-122.415923 37.776446,-122.417361 NORTHWEST
37.775278,-122.415923 37.774043,-122.414368 SOUTHEAST
37.775278,-122.415923 37.776233,-122.414717 NORTHEAST
37.785939,-122.393124 37.786035,-122.393003 NORTHEAST
37.785939,-122.393124 37.785224,-122.394027 SOUTHWEST
37.785939,-122.393124 37.786642,-122.393665 NORTHWEST
37.769813,-122.399183 37.771833,-122.401682 NORTHWEST
37.775431,-122.419398 37.775234,-122.420975 WEST
37.776466,-122.417504 37.776510,-122.417451 NORTHEAST
37.776466,-122.417504 37.775550,-122.418675 SOUTHWEST
37.776466,-122.417504 37.776446,-122.417361 EAST
37.776466,-122.417504 37.776543,-122.417620 NORTHWEST
37.769190,-122.389443 37.770673,-122.389577 NORTH
37.775234,-122.420975 37.774128,-122.420734 SOUTH
37.775234,-122.420975 37.775023,-122.422618 WEST
37.775234,-122.420975 37.775431,-122.419398 EAST
37.775234,-122.420975 37.776167,-122.421165 NORTH
37.769241,-122.407901 37.770070,-122.406998 NORTHEAST
37.786035,-122.393003 37.786112,-122.392906 NORTHEAST
37.786035,-122.393003 37.785939,-122.393124 SOUTHWEST
37.786035,-122.393003 37.786642,-122.393665 NORTHWEST
37.784484,-122.404257 37.782729,-122.406496 SOUTHWEST
37.784484,-122.404257 37.786261,-122.402041 NORTHEAST
37.784484,-122.404257 37.783251,-122.402708 SOUTHEAST
37.784484,-122.404257 37.785714,-122.405916 NORTHWEST
37.793714,-122.392601 37.796634,-122.395556 NORTHWEST
37.793714,-122.392601 37.792342,-122.391218 SOUTHEAST
37.793714,-122.392601 37.793246,-122.393206 SOUTHWEST
37.793714,-122.392601 37.793831,-122.392449 NORTHEAST
37.796634,-122.395556 37.793714,-122.392601 SOUTHEAST
37.770796,-122.394522 37.771091,-122.389617 EAST
37.785394,-122.408696 37.786318,-122.408954 NORTH
37.785394,-122.408696 37.784013,-122.408071 SOUTH
37.785394,-122.408696 37.785081,-122.411159 WEST
37.785394,-122.408696 37.785500,-122.407868 EAST
37.792000,-122.391652 37.792342,-122.391218 NORTHEAST
37.792000,-122.391652 37.793246,-122.393206 NORTHWEST
37.792000,-122.391652 37.791294,-122.392507 SOUTHWEST
37.790615,-122.393406 37.791852,-122.394951 NORTHWEST
37.790615,-122.393406 37.789923,-122.394280 SOUTHWEST
37.790615,-122.393406 37.789386,-122.391858 SOUTHEAST
37.790615,-122.393406 37.791294,-122.392507 NORTHEAST
37.789923,-122.394280 37.789232,-122.395148 SOUTHWEST
37.789923,-122.394280 37.790615,-122.393406 NORTHEAST
37.789923,-122.394280 37.791151,-122.395815 NORTHWEST
37.789923,-122.394280 37.788692,-122.392739 SOUTHEAST
37.788010,-122.399811 37.789284,-122.401398 NORTHWEST
37.788010,-122.399811 37.787455,-122.400509 SOUTHWEST
37.788010,-122.399811 37.786773,-122.398259 SOUTHEAST
37.788010,-122.399811 37.789771,-122.397564 NORTHEAST
37.789232,-122.395148 37.790462,-122.396689 NORTHWEST
37.789232,-122.395148 37.788542,-122.396028 SOUTHWEST
37.789232,-122.395148 37.788015,-122.393595 SOUTHEAST
37.789232,-122.395148 37.789923,-122.394280 NORTHEAST
37.788542,-122.396028 37.789232,-122.395148 NORTHEAST
37.788542,-122.396028 37.786773,-122.398259 SOUTHWEST
37.788542,-122.396028 37.789771,-122.397564 NORTHWEST
37.788542,-122.396028 37.787307,-122.394485 SOUTHEAST
37.786773,-122.398259 37.786206,-122.398984 SOUTHWEST
37.786773,-122.398259 37.785544,-122.396719 SOUTHEAST
37.786773,-122.398259 37.788542,-122.396028 NORTHEAST
37.786773,-122.398259 37.788010,-122.399811 NORTHWEST
37.786206,-122.398984 37.785888,-122.399379 SOUTHWEST
37.786206,-122.398984 37.787455,-122.400509 NORTHWEST
37.786206,-122.398984 37.786773,-122.398259 NORTHEAST
37.785888,-122.399379 37.786206,-122.398984 NORTHEAST
37.785888,-122.399379 37.784658,-122.397841 SOUTHEAST
37.785888,-122.399379 37.785015,-122.400478 SOUTHWEST
37.783251,-122.402708 37.781493,-122.404942 SOUTHWEST
37.783251,-122.402708 37.784484,-122.404257 NORTHWEST
37.783251,-122.402708 37.785015,-122.400478 NORTHEAST
37.783251,-122.402708 37.782025,-122.401176 SOUTHEAST
37.784313,-122.395178 37.784626,-122.394780 NORTHEAST
37.784313,-122.395178 37.784095,-122.394898 SOUTHEAST
37.784313,-122.395178 37.785544,-122.396719 NORTHWEST
37.784313,-122.395178 37.783426,-122.396302 SOUTHWEST
37.781493,-122.404942 37.782729,-122.406496 NORTHWEST
37.781493,-122.404942 37.779736,-122.407163 SOUTHWEST
37.781493,-122.404942 37.780267,-122.403403 SOUTHEAST
37.781493,-122.404942 37.783251,-122.402708 NORTHEAST
37.786256,-122.395817 37.786409,-122.395624 NORTHEAST
37.786256,-122.395817 37.785224,-122.394027 SOUTHEAST
37.786256,-122.395817 37.785544,-122.396719 SOUTHWEST
37.780618,-122.390544 37.778855,-122.392764 SOUTHWEST
37.780618,-122.390544 37.781858,-122.392084 NORTHWEST
37.780618,-122.390544 37.779922,-122.389673 SOUTHEAST
37.780618,-122.390544 37.781792,-122.388431 NORTHEAST
37.779922,-122.389673 37.780618,-122.390544 NORTHWEST
37.779922,-122.389673 37.778155,-122.391917 SOUTHWEST
37.779922,-122.389673 37.779764,-122.389488 SOUTHEAST
37.779922,-122.389673 37.781792,-122.388431 NORTHEAST
37.776213,-122.411616 37.777976,-122.409388 NORTHEAST
37.776213,-122.411616 37.774993,-122.410083 SOUTHEAST
37.776213,-122.411616 37.777455,-122.413175 NORTHWEST
37.776213,-122.411616 37.775000,-122.413153 SOUTHWEST
37.775000,-122.413153 37.773773,-122.411627 SOUTHEAST
37.775000,-122.413153 37.776233,-122.414717 NORTHWEST
37.775000,-122.413153 37.776213,-122.411616 NORTHEAST
37.775000,-122.413153 37.774043,-122.414368 SOUTHWEST
37.774043,-122.414368 37.773097,-122.415578 SOUTHWEST
37.774043,-122.414368 37.772820,-122.412834 SOUTHEAST
37.774043,-122.414368 37.775278,-122.415923 NORTHWEST
37.774043,-122.414368 37.775000,-122.413153 NORTHEAST
37.773097,-122.415578 37.774325,-122.417126 NORTHWEST
37.773097,-122.415578 37.771863,-122.414046 SOUTHEAST
37.773097,-122.415578 37.770797,-122.417463 SOUTHWEST
37.773097,-122.415578 37.774043,-122.414368 NORTHEAST
37.785808,-122.412992 37.784873,-122.412803 SOUTH
37.785808,-122.412992 37.786738,-122.413179 NORTH
37.785808,-122.412992 37.786015,-122.411348 EAST
37.785808,-122.412992 37.785599,-122.414635 WEST
37.774425,-122.391600 37.774482,-122.389945 EAST
37.774425,-122.391600 37.774465,-122.391633 NORTHWEST
37.774425,-122.391600 37.772527,-122.393951 SOUTHWEST
37.770797,-122.417463 37.773097,-122.415578 NORTHEAST
37.782803,-122.414070 37.781870,-122.413882 SOUTH
37.782803,-122.414070 37.783012,-122.412426 EAST
37.782803,-122.414070 37.782593,-122.415716 WEST
37.782803,-122.414070 37.785599,-122.414635 NORTH
37.792983,-122.409321 37.793185,-122.407736 EAST
37.792983,-122.409321 37.792518,-122.409279 SOUTH
37.792983,-122.409321 37.792977,-122.409361 WEST
37.792518,-122.409279 37.792983,-122.409321 NORTH
37.792518,-122.409279 37.792977,-122.409361 NORTH
37.792518,-122.409279 37.792049,-122.409195 SOUTH
37.793867,-122.409490 37.794065,-122.407914 EAST
37.793867,-122.409490 37.793420,-122.409458 SOUTH
37.793867,-122.409490 37.793858,-122.409554 WEST
37.793420,-122.409458 37.793858,-122.409554 NORTH
37.793420,-122.409458 37.793867,-122.409490 NORTH
37.793420,-122.409458 37.792977,-122.409361 SOUTH
37.794751,-122.409663 37.794280,-122.409642 SOUTH
37.794280,-122.409642 37.793858,-122.409554 SOUTH
37.794280,-122.409642 37.794751,-122.409663 NORTH
37.794280,-122.409642 37.795622,-122.409915 NORTH
37.791852,-122.394951 37.792562,-122.394096 NORTHEAST
37.791852,-122.394951 37.790615,-122.393406 SOUTHEAST
37.791852,-122.394951 37.793125,-122.396537 NORTHWEST
37.791852,-122.394951 37.791151,-122.395815 SOUTHWEST
37.788501,-122.406794 37.788703,-122.405247 EAST
37.788501,-122.406794 37.789436,-122.406982 NORTH
37.788501,-122.406794 37.787566,-122.406589 SOUTH
37.788501,-122.406794 37.788295,-122.408417 WEST
37.788703,-122.405247 37.787768,-122.405057 SOUTH
37.788703,-122.405247 37.788901,-122.403684 EAST
37.788703,-122.405247 37.788501,-122.406794 WEST
37.787025,-122.433476 37.788279,-122.423610 EAST
37.794292,-122.398992 37.794441,-122.397816 EAST
37.794292,-122.398992 37.795200,-122.399179 NORTH
37.794292,-122.398992 37.794144,-122.400164 WEST
37.794292,-122.398992 37.793365,-122.398801 SOUTH
37.792546,-122.390971 37.792342,-122.391218 SOUTHWEST
37.792546,-122.390971 37.793831,-122.392449 NORTHWEST
37.792546,-122.390971 37.790919,-122.389922 SOUTHEAST
37.776589,-122.417570 37.776510,-122.417451 SOUTHEAST
37.776589,-122.417570 37.777545,-122.416362 NORTHEAST
37.776589,-122.417570 37.777516,-122.418064 NORTHWEST
37.776589,-122.417570 37.776543,-122.417620 SOUTHWEST
37.792413,-122.398610 37.792261,-122.399785 WEST
37.792413,-122.398610 37.792440,-122.397404 EAST
37.792413,-122.398610 37.793365,-122.398801 NORTH
37.792413,-122.398610 37.791734,-122.398298 SOUTH
37.795200,-122.399179 37.794292,-122.398992 SOUTH
37.795200,-122.399179 37.795340,-122.398010 EAST
37.795200,-122.399179 37.794998,-122.400332 WEST
37.794865,-122.401516 37.795722,-122.401693 NORTH
37.794865,-122.401516 37.794676,-122.403158 WEST
37.794865,-122.401516 37.794998,-122.400332 EAST
37.794865,-122.401516 37.793996,-122.401337 SOUTH
37.777516,-122.418064 37.780272,-122.418615 NORTH
37.777516,-122.418064 37.777093,-122.421351 WEST
37.777516,-122.418064 37.777545,-122.416362 EAST
37.777516,-122.418064 37.776589,-122.417570 SOUTHEAST
37.777093,-122.421351 37.778959,-122.421724 NORTH
37.777093,-122.421351 37.776167,-122.421165 SOUTH
37.777093,-122.421351 37.777516,-122.418064 EAST
37.777093,-122.421351 37.776889,-122.422997 WEST
37.777462,-122.416265 37.776510,-122.417451 SOUTHWEST
37.777462,-122.416265 37.776233,-122.414717 SOUTHEAST
37.777462,-122.416265 37.777545,-122.416362 NORTHWEST
37.777462,-122.416265 37.778681,-122.414715 NORTHEAST
37.791016,-122.424801 37.791513,-122.420889 EAST
37.769889,-122.417803 37.770139,-122.419939 WEST
37.770139,-122.419939 37.770638,-122.419772 NORTH
37.770139,-122.419939 37.769889,-122.417803 EAST
37.770139,-122.419939 37.770151,-122.420183 WEST
37.770139,-122.419939 37.769974,-122.419960 SOUTH
37.786318,-122.408954 37.786434,-122.408056 EAST
37.786318,-122.408954 37.785394,-122.408696 SOUTH
37.786318,-122.408954 37.786015,-122.411348 WEST
37.782593,-122.415716 37.781660,-122.415527 SOUTH
37.782593,-122.415716 37.785390,-122.416281 NORTH
37.782593,-122.415716 37.782384,-122.417360 WEST
37.782593,-122.415716 37.782803,-122.414070 EAST
37.783509,-122.408711 37.784013,-122.408071 NORTHEAST
37.783509,-122.408711 37.782207,-122.410356 SOUTHWEST
37.783509,-122.408711 37.783220,-122.410784 WEST
37.783220,-122.410784 37.785081,-122.411159 NORTH
37.783220,-122.410784 37.783509,-122.408711 EAST
37.783220,-122.410784 37.783012,-122.412426 WEST
37.783220,-122.410784 37.782207,-122.410356 SOUTH
37.776189,-122.393986 37.775368,-122.392792 SOUTHEAST
37.776189,-122.393986 37.774498,-122.396182 SOUTHWEST
37.776189,-122.393986 37.776306,-122.393835 NORTHEAST
37.776189,-122.393986 37.776415,-122.394128 NORTHWEST
37.774562,-122.389743 37.774482,-122.389945 SOUTHWEST
37.774562,-122.389743 37.774602,-122.389946 WEST
37.774562,-122.389743 37.775445,-122.389939 NORTH
37.774562,-122.389743 37.771104,-122.389398 SOUTH
37.790675,-122.412287 37.791093,-122.408997 EAST
37.790675,-122.412287 37.789744,-122.412100 SOUTH
37.790675,-122.412287 37.790466,-122.413930 WEST
37.774482,-122.389945 37.771091,-122.389617 SOUTH
37.774482,-122.389945 37.774425,-122.391600 WEST
37.774482,-122.389945 37.774562,-122.389743 NORTHEAST
37.774482,-122.389945 37.774602,-122.389946 NORTH
37.781772,-122.388129 37.779764,-122.389488 SOUTHWEST
37.781772,-122.388129 37.784732,-122.387896 NORTH
37.781772,-122.388129 37.781792,-122.388431 WEST
37.770638,-122.419772 37.770139,-122.419939 SOUTH
37.776446,-122.417361 37.776510,-122.417451 NORTHWEST
37.776446,-122.417361 37.775278,-122.415923 SOUTHEAST
37.776446,-122.417361 37.776466,-122.417504 WEST
37.785544,-122.396719 37.786256,-122.395817 NORTHEAST
37.785544,-122.396719 37.784658,-122.397841 SOUTHWEST
37.785544,-122.396719 37.786773,-122.398259 NORTHWEST
37.785544,-122.396719 37.784313,-122.395178 SOUTHEAST
37.781205,-122.411717 37.781163,-122.412056 WEST
37.781205,-122.411717 37.782207,-122.410356 NORTHEAST
37.781205,-122.411717 37.780981,-122.412002 SOUTHWEST
37.795329,-122.404966 37.795533,-122.403313 EAST
37.795329,-122.404966 37.794462,-122.404793 SOUTH
37.795329,-122.404966 37.796223,-122.405147 NORTH
37.785081,-122.411159 37.784873,-122.412803 WEST
37.785081,-122.411159 37.783220,-122.410784 SOUTH
37.785081,-122.411159 37.786015,-122.411348 NORTH
37.785081,-122.411159 37.785394,-122.408696 EAST
37.784873,-122.412803 37.785808,-122.412992 NORTH
37.784873,-122.412803 37.785081,-122.411159 EAST
37.784873,-122.412803 37.783012,-122.412426 SOUTH
37.771503,-122.386668 37.776267,-122.389998 NORTHWEST
37.785074,-122.423963 37.784551,-122.422856 SOUTHEAST
37.781756,-122.422292 37.780823,-122.422103 SOUTH
37.781756,-122.422292 37.780614,-122.423749 SOUTHWEST
37.781756,-122.422292 37.782174,-122.419005 EAST
37.781756,-122.422292 37.784551,-122.422856 NORTH
37.786642,-122.393665 37.786866,-122.393935 NORTHWEST
37.786642,-122.393665 37.785939,-122.393124 SOUTHEAST
37.786642,-122.393665 37.786035,-122.393003 SOUTHEAST
37.793354,-122.396278 37.793826,-122.395694 NORTHEAST
37.793354,-122.396278 37.793249,-122.396401 SOUTHWEST
37.793354,-122.396278 37.793682,-122.396351 NORTH
37.793125,-122.396537 37.792440,-122.397404 SOUTHWEST
37.793125,-122.396537 37.791852,-122.394951 SOUTHEAST
37.793125,-122.396537 37.793249,-122.396401 NORTHEAST
37.787958,-122.433664 37.789212,-122.423798 EAST
37.784732,-122.387896 37.784749,-122.388199 WEST
37.784732,-122.387896 37.787080,-122.387708 NORTH
37.784732,-122.387896 37.781772,-122.388129 SOUTH
37.781163,-122.412056 37.782080,-122.412238 NORTH
37.781163,-122.412056 37.781002,-122.413150 WEST
37.781163,-122.412056 37.781205,-122.411717 EAST
37.781163,-122.412056 37.780981,-122.412002 SOUTH
37.780933,-122.413693 37.781002,-122.413150 EAST
37.780933,-122.413693 37.780726,-122.415339 WEST
37.780933,-122.413693 37.781870,-122.413882 NORTH
37.769712,-122.417834 37.769974,-122.419960 WEST
37.790919,-122.389922 37.790745,-122.390145 SOUTHWEST
37.790919,-122.389922 37.792546,-122.390971 NORTHWEST
37.790919,-122.389922 37.789645,-122.388406 SOUTHEAST
37.789284,-122.401398 37.790312,-122.400097 NORTHEAST
37.789284,-122.401398 37.788802,-122.402008 SOUTHWEST
37.789284,-122.401398 37.788010,-122.399811 SOUTHEAST
37.780726,-122.415339 37.781660,-122.415527 NORTH
37.780726,-122.415339 37.780499,-122.416990 WEST
37.780726,-122.415339 37.780933,-122.413693 EAST
37.780726,-122.415339 37.778776,-122.414826 SOUTH
37.780499,-122.416990 37.780272,-122.418615 WEST
37.780499,-122.416990 37.780726,-122.415339 EAST
37.780499,-122.416990 37.777545,-122.416362 SOUTH
37.780499,-122.416990 37.781451,-122.417173 NORTH
37.778333,-122.396544 37.777103,-122.394997 SOUTHEAST
37.778333,-122.396544 37.780094,-122.394316 NORTHEAST
37.778333,-122.396544 37.779566,-122.398088 NORTHWEST
37.778333,-122.396544 37.776574,-122.398770 SOUTHWEST
37.787307,-122.394485 37.786409,-122.395624 SOUTHWEST
37.787307,-122.394485 37.786866,-122.393935 SOUTHEAST
37.787307,-122.394485 37.788015,-122.393595 NORTHEAST
37.787307,-122.394485 37.788542,-122.396028 NORTHWEST
37.776574,-122.398770 37.777804,-122.400313 NORTHWEST
37.776574,-122.398770 37.774814,-122.400996 SOUTHWEST
37.776574,-122.398770 37.778333,-122.396544 NORTHEAST
37.776574,-122.398770 37.775354,-122.397240 SOUTHEAST
37.786409,-122.395624 37.786256,-122.395817 SOUTHWEST
37.786409,-122.395624 37.785224,-122.394027 SOUTHEAST
37.786409,-122.395624 37.787307,-122.394485 NORTHEAST
37.784658,-122.397841 37.783426,-122.396302 SOUTHEAST
37.784658,-122.397841 37.785888,-122.399379 NORTHWEST
37.784658,-122.397841 37.785544,-122.396719 NORTHEAST
37.784658,-122.397841 37.783788,-122.398943 SOUTHWEST
37.785486,-122.423045 37.786414,-122.423233 NORTH
37.785486,-122.423045 37.785903,-122.419757 EAST
37.785486,-122.423045 37.785404,-122.424344 WEST
37.785486,-122.423045 37.784551,-122.422856 SOUTH
37.782025,-122.401176 37.780267,-122.403403 SOUTHWEST
37.782025,-122.401176 37.780791,-122.399635 SOUTHEAST
37.782025,-122.401176 37.783251,-122.402708 NORTHWEST
37.782025,-122.401176 37.783788,-122.398943 NORTHEAST
37.780267,-122.403403 37.778511,-122.405627 SOUTHWEST
37.780267,-122.403403 37.781493,-122.404942 NORTHWEST
37.780267,-122.403403 37.779035,-122.401858 SOUTHEAST
37.780267,-122.403403 37.782025,-122.401176 NORTHEAST
37.770070,-122.406998 37.771301,-122.408537 NORTHWEST
37.770070,-122.406998 37.771304,-122.405451 NORTHEAST
37.770070,-122.406998 37.769241,-122.407901 SOUTHWEST
37.770070,-122.406998 37.769453,-122.406226 SOUTHEAST
37.782384,-122.417360 37.781451,-122.417173 SOUTH
37.782384,-122.417360 37.785182,-122.417924 NORTH
37.782384,-122.417360 37.782593,-122.415716 EAST
37.782384,-122.417360 37.782174,-122.419005 WEST
37.774993,-122.410083 37.773773,-122.411627 SOUTHWEST
37.774993,-122.410083 37.773760,-122.408536 SOUTHEAST
37.774993,-122.410083 37.776213,-122.411616 NORTHWEST
37.774993,-122.410083 37.776753,-122.407854 NORTHEAST
37.773773,-122.411627 37.772820,-122.412834 SOUTHWEST
37.773773,-122.411627 37.772538,-122.410083 SOUTHEAST
37.773773,-122.411627 37.774993,-122.410083 NORTHEAST
37.773773,-122.411627 37.775000,-122.413153 NORTHWEST
37.772820,-122.412834 37.773773,-122.411627 NORTHEAST
37.772820,-122.412834 37.771587,-122.411287 SOUTHEAST
37.772820,-122.412834 37.771863,-122.414046 SOUTHWEST
37.772820,-122.412834 37.774043,-122.414368 NORTHWEST
37.771863,-122.414046 37.773097,-122.415578 NORTHWEST
37.771863,-122.414046 37.769657,-122.415568 SOUTHWEST
37.771863,-122.414046 37.770634,-122.412493 SOUTHEAST
37.771863,-122.414046 37.772820,-122.412834 NORTHEAST
37.789386,-122.391858 37.790615,-122.393406 NORTHWEST
37.789386,-122.391858 37.790082,-122.390980 NORTHEAST
37.789386,-122.391858 37.788151,-122.390321 SOUTHEAST
37.789386,-122.391858 37.788692,-122.392739 SOUTHWEST
37.788692,-122.392739 37.788015,-122.393595 SOUTHWEST
37.788692,-122.392739 37.789923,-122.394280 NORTHWEST
37.788692,-122.392739 37.789386,-122.391858 NORTHEAST
37.788015,-122.393595 37.789232,-122.395148 NORTHWEST
37.788015,-122.393595 37.788692,-122.392739 NORTHEAST
37.788015,-122.393595 37.787307,-122.394485 SOUTHWEST
37.788015,-122.393595 37.786773,-122.392070 SOUTHEAST
37.782207,-122.410356 37.780452,-122.412484 SOUTHWEST
37.782207,-122.410356 37.781205,-122.411717 SOUTHWEST
37.782207,-122.410356 37.783509,-122.408711 NORTHEAST
37.782207,-122.410356 37.782080,-122.412238 WEST
37.782207,-122.410356 37.780978,-122.408721 SOUTHEAST
37.782207,-122.410356 37.783220,-122.410784 NORTH
37.791734,-122.398298 37.790462,-122.396689 SOUTHEAST
37.791734,-122.398298 37.792440,-122.397404 NORTHEAST
37.791734,-122.398298 37.792413,-122.398610 NORTH
37.791734,-122.398298 37.791050,-122.399163 SOUTHWEST
37.775550,-122.418675 37.774325,-122.417126 SOUTHEAST
37.775550,-122.418675 37.776466,-122.417504 NORTHEAST
37.775550,-122.418675 37.773924,-122.420717 SOUTHWEST
37.794441,-122.397816 37.794292,-122.398992 WEST
37.794441,-122.397816 37.793513,-122.397627 SOUTH
37.794441,-122.397816 37.795340,-122.398010 NORTH
37.794441,-122.397816 37.794589,-122.396649 EAST
37.772372,-122.422633 37.771858,-122.423322 SOUTHWEST
37.772372,-122.422633 37.771596,-122.422541 SOUTH
37.772372,-122.422633 37.772599,-122.422660 NORTH
37.772372,-122.422633 37.772947,-122.421900 NORTHEAST
37.780791,-122.399635 37.780358,-122.399091 SOUTHEAST
37.780791,-122.399635 37.782556,-122.397400 NORTHEAST
37.780791,-122.399635 37.779035,-122.401858 SOUTHWEST
37.780791,-122.399635 37.782025,-122.401176 NORTHWEST
37.794144,-122.400164 37.794292,-122.398992 EAST
37.794144,-122.400164 37.794998,-122.400332 NORTH
37.794144,-122.400164 37.793216,-122.399977 SOUTH
37.794144,-122.400164 37.793996,-122.401337 WEST
37.793996,-122.401337 37.793067,-122.401152 SOUTH
37.793996,-122.401337 37.794865,-122.401516 NORTH
37.793996,-122.401337 37.794144,-122.400164 EAST
37.793996,-122.401337 37.793788,-122.402976 WEST
37.792116,-122.400959 37.793067,-122.401152 NORTH
37.792116,-122.400959 37.792261,-122.399785 EAST
37.792116,-122.400959 37.791182,-122.400773 SOUTH
37.792116,-122.400959 37.791909,-122.402598 WEST
37.793578,-122.404614 37.793185,-122.407736 WEST
37.793578,-122.404614 37.794462,-122.404793 NORTH
37.793578,-122.404614 37.793788,-122.402976 EAST
37.793578,-122.404614 37.792656,-122.404426 SOUTH
37.773012,-122.421837 37.773924,-122.420717 NORTHEAST
37.773012,-122.421837 37.771765,-122.420352 SOUTHEAST
37.773012,-122.421837 37.772947,-122.421900 SOUTHWEST
37.795889,-122.409969 37.795622,-122.409915 SOUTH
37.791703,-122.404233 37.792656,-122.404426 NORTH
37.791703,-122.404233 37.791093,-122.408997 WEST
37.791703,-122.404233 37.790765,-122.404059 SOUTH
37.791703,-122.404233 37.791909,-122.402598 EAST
37.793185,-122.407736 37.794065,-122.407914 NORTH
37.793185,-122.407736 37.792983,-122.409321 WEST
37.793185,-122.407736 37.789436,-122.406982 SOUTH
37.793185,-122.407736 37.793578,-122.404614 EAST
37.793826,-122.395694 37.792562,-122.394096 SOUTHEAST
37.793826,-122.395694 37.793246,-122.393206 EAST
37.793826,-122.395694 37.793354,-122.396278 SOUTHWEST
37.771596,-122.422541 37.769918,-122.421617 SOUTHEAST
37.771596,-122.422541 37.772372,-122.422633 NORTH
37.771596,-122.422541 37.771765,-122.420352 EAST
37.792977,-122.409361 37.791930,-122.417600 WEST
37.792977,-122.409361 37.792518,-122.409279 SOUTH
37.792977,-122.409361 37.792983,-122.409321 EAST
37.792977,-122.409361 37.793420,-122.409458 NORTH
37.795881,-122.394460 37.793831,-122.392449 SOUTHEAST
37.790466,-122.413930 37.791420,-122.414122 NORTH
37.790466,-122.413930 37.790257,-122.415575 WEST
37.790466,-122.413930 37.790675,-122.412287 EAST
37.790466,-122.413930 37.789536,-122.413743 SOUTH
37.796576,-122.408420 37.795828,-122.408269 SOUTH
37.790257,-122.415575 37.791208,-122.415767 NORTH
37.790257,-122.415575 37.789326,-122.415387 SOUTH
37.790257,-122.415575 37.790466,-122.413930 EAST
37.790257,-122.415575 37.790048,-122.417220 WEST
37.790048,-122.417220 37.791000,-122.417411 NORTH
37.790048,-122.417220 37.789838,-122.418864 WEST
37.790048,-122.417220 37.790257,-122.415575 EAST
37.790048,-122.417220 37.789115,-122.417035 SOUTH
37.785714,-122.405916 37.784013,-122.408071 SOUTHWEST
37.785714,-122.405916 37.784484,-122.404257 SOUTHEAST
37.785714,-122.405916 37.785500,-122.407868 WEST
37.785714,-122.405916 37.787676,-122.403436 NORTHEAST
37.789838,-122.418864 37.790793,-122.419058 NORTH
37.789838,-122.418864 37.789630,-122.420509 WEST
37.789838,-122.418864 37.790048,-122.417220 EAST
37.789838,-122.418864 37.788907,-122.418675 SOUTH
37.788802,-122.402008 37.787455,-122.400509 SOUTHEAST
37.788802,-122.402008 37.789284,-122.401398 NORTHEAST
37.788802,-122.402008 37.789106,-122.402032 NORTH
37.788802,-122.402008 37.788031,-122.402984 SOUTHWEST
37.791930,-122.417600 37.791000,-122.417411 SOUTH
37.791930,-122.417600 37.796216,-122.418459 NORTH
37.791930,-122.417600 37.792977,-122.409361 EAST
37.791930,-122.417600 37.791513,-122.420889 WEST
37.791513,-122.420889 37.791930,-122.417600 EAST
37.791513,-122.420889 37.790584,-122.420701 SOUTH
37.791513,-122.420889 37.795843,-122.421763 NORTH
37.791513,-122.420889 37.791016,-122.424801 WEST
37.784095,-122.394898 37.784626,-122.394780 NORTH
37.784095,-122.394898 37.783092,-122.393620 SOUTHEAST
37.784095,-122.394898 37.784313,-122.395178 NORTHWEST
37.784626,-122.394780 37.784095,-122.394898 SOUTH
37.784626,-122.394780 37.784313,-122.395178 SOUTHWEST
37.784626,-122.394780 37.785224,-122.394027 NORTHEAST
37.787455,-122.400509 37.786206,-122.398984 SOUTHEAST
37.787455,-122.400509 37.786261,-122.402041 SOUTHWEST
37.787455,-122.400509 37.788802,-122.402008 NORTHWEST
37.787455,-122.400509 37.788010,-122.399811 NORTHEAST
37.789645,-122.388406 37.787080,-122.387708 SOUTH
37.789645,-122.388406 37.789495,-122.388618 SOUTHWEST
37.789645,-122.388406 37.790919,-122.389922 NORTHWEST
37.788151,-122.390321 37.786927,-122.388784 SOUTHEAST
37.788151,-122.390321 37.788852,-122.389431 NORTHEAST
37.788151,-122.390321 37.789386,-122.391858 NORTHWEST
37.788151,-122.390321 37.786773,-122.392070 SOUTHWEST
37.783426,-122.396302 37.782556,-122.397400 SOUTHWEST
37.783426,-122.396302 37.784658,-122.397841 NORTHWEST
37.783426,-122.396302 37.784313,-122.395178 NORTHEAST
37.793246,-122.393206 37.792562,-122.394096 SOUTHWEST
37.793246,-122.393206 37.793826,-122.395694 WEST
37.793246,-122.393206 37.793714,-122.392601 NORTHEAST
37.793246,-122.393206 37.792000,-122.391652 SOUTHEAST
37.779566,-122.398088 37.780358,-122.399091 NORTHWEST
37.779566,-122.398088 37.777804,-122.400313 SOUTHWEST
37.779566,-122.398088 37.778333,-122.396544 SOUTHEAST
37.779566,-122.398088 37.781326,-122.395860 NORTHEAST
37.787965,-122.403497 37.788031,-122.402984 EAST
37.787965,-122.403497 37.788901,-122.403684 NORTH
37.787965,-122.403497 37.787768,-122.405057 WEST
37.787965,-122.403497 37.787676,-122.403436 SOUTH
37.772599,-122.422660 37.772372,-122.422633 SOUTH
37.772599,-122.422660 37.772962,-122.422219 NORTHEAST
37.772599,-122.422660 37.771986,-122.423404 SOUTHWEST
37.786947,-122.411536 37.787367,-122.408233 EAST
37.786947,-122.411536 37.786015,-122.411348 SOUTH
37.786947,-122.411536 37.786738,-122.413179 WEST
37.786947,-122.411536 37.787876,-122.411723 NORTH
37.773924,-122.420717 37.774128,-122.420734 NORTH
37.773924,-122.420717 37.775550,-122.418675 NORTHEAST
37.773924,-122.420717 37.773012,-122.421837 SOUTHWEST
37.773760,-122.408536 37.772735,-122.407248 SOUTHEAST
37.773760,-122.408536 37.772538,-122.410083 SOUTHWEST
37.773760,-122.408536 37.774993,-122.410083 NORTHWEST
37.773760,-122.408536 37.775520,-122.406308 NORTHEAST
37.786738,-122.413179 37.786947,-122.411536 EAST
37.786738,-122.413179 37.785808,-122.412992 SOUTH
37.786738,-122.413179 37.786529,-122.414822 WEST
37.786738,-122.413179 37.787667,-122.413366 NORTH
37.787676,-122.403436 37.786261,-122.402041 SOUTHEAST
37.787676,-122.403436 37.787965,-122.403497 NORTH
37.787676,-122.403436 37.788031,-122.402984 NORTHEAST
37.787676,-122.403436 37.785714,-122.405916 SOUTHWEST
37.786529,-122.414822 37.785599,-122.414635 SOUTH
37.786529,-122.414822 37.787459,-122.415010 NORTH
37.786529,-122.414822 37.786320,-122.416469 WEST
37.786529,-122.414822 37.786738,-122.413179 EAST
37.772538,-122.410083 37.771587,-122.411287 SOUTHWEST
37.772538,-122.410083 37.773773,-122.411627 NORTHWEST
37.772538,-122.410083 37.773760,-122.408536 NORTHEAST
37.772538,-122.410083 37.771301,-122.408537 SOUTHEAST
37.786320,-122.416469 37.786529,-122.414822 EAST
37.786320,-122.416469 37.786111,-122.418111 WEST
37.786320,-122.416469 37.785390,-122.416281 SOUTH
37.786320,-122.416469 37.787250,-122.416657 NORTH
37.771587,-122.411287 37.770634,-122.412493 SOUTHWEST
37.771587,-122.411287 37.772538,-122.410083 NORTHEAST
37.771587,-122.411287 37.770337,-122.409767 SOUTHEAST
37.771587,-122.411287 37.772820,-122.412834 NORTHWEST
37.786111,-122.418111 37.787042,-122.418298 NORTH
37.786111,-122.418111 37.785182,-122.417924 SOUTH
37.786111,-122.418111 37.786320,-122.416469 EAST
37.786111,-122.418111 37.785903,-122.419757 WEST
37.770634,-122.412493 37.771587,-122.411287 NORTHEAST
37.770634,-122.412493 37.771863,-122.414046 NORTHWEST
37.770634,-122.412493 37.769604,-122.413341 SOUTHWEST
37.770634,-122.412493 37.769705,-122.411285 SOUTHEAST
37.775368,-122.392792 37.776189,-122.393986 NORTHWEST
37.775368,-122.392792 37.774465,-122.391633 SOUTHEAST
37.775368,-122.392792 37.776306,-122.393835 NORTHWEST
37.776306,-122.393835 37.776189,-122.393986 SOUTHWEST
37.776306,-122.393835 37.775368,-122.392792 SOUTHEAST
37.776306,-122.393835 37.776415,-122.394128 NORTHWEST
37.776306,-122.393835 37.777976,-122.391692 NORTHEAST
37.777976,-122.391692 37.779764,-122.389488 NORTHEAST
37.777976,-122.391692 37.778155,-122.391917 NORTHWEST
37.777976,-122.391692 37.776306,-122.393835 SOUTHWEST
37.777976,-122.391692 37.777527,-122.391120 SOUTHEAST
37.769604,-122.413341 37.770634,-122.412493 NORTHEAST
37.769873,-122.417697 37.774325,-122.417126 NORTH
37.776753,-122.407854 37.778511,-122.405627 NORTHEAST
37.776753,-122.407854 37.777976,-122.409388 NORTHWEST
37.776753,-122.407854 37.774993,-122.410083 SOUTHWEST
37.776753,-122.407854 37.775520,-122.406308 SOUTHEAST
37.776564,-122.418005 37.776369,-122.417844 SOUTHEAST
37.776564,-122.418005 37.776167,-122.421165 WEST
37.776564,-122.418005 37.776543,-122.417620 EAST
37.793513,-122.397627 37.794441,-122.397816 NORTH
37.793513,-122.397627 37.793665,-122.396480 EAST
37.793513,-122.397627 37.792440,-122.397404 SOUTH
37.793513,-122.397627 37.793365,-122.398801 WEST
37.793365,-122.398801 37.794292,-122.398992 NORTH
37.793365,-122.398801 37.792413,-122.398610 SOUTH
37.793365,-122.398801 37.793513,-122.397627 EAST
37.793365,-122.398801 37.793216,-122.399977 WEST
37.793216,-122.399977 37.793067,-122.401152 WEST
37.793216,-122.399977 37.792261,-122.399785 SOUTH
37.793216,-122.399977 37.794144,-122.400164 NORTH
37.793216,-122.399977 37.793365,-122.398801 EAST
37.793067,-122.401152 37.792116,-122.400959 SOUTH
37.793067,-122.401152 37.792859,-122.402791 WEST
37.793067,-122.401152 37.793996,-122.401337 NORTH
37.793067,-122.401152 37.793216,-122.399977 EAST
37.771104,-122.389398 37.771091,-122.389617 WEST
37.771104,-122.389398 37.774562,-122.389743 NORTH
37.771104,-122.389398 37.770686,-122.389360 SOUTH
37.771104,-122.389398 37.771277,-122.386586 EAST
37.792859,-122.402791 37.792656,-122.404426 WEST
37.792859,-122.402791 37.791909,-122.402598 SOUTH
37.792859,-122.402791 37.793788,-122.402976 NORTH
37.792859,-122.402791 37.793067,-122.401152 EAST
37.792656,-122.404426 37.793578,-122.404614 NORTH
37.792656,-122.404426 37.791703,-122.404233 SOUTH
37.792656,-122.404426 37.792859,-122.402791 EAST
37.792656,-122.404426 37.792049,-122.409195 WEST
37.772962,-122.422219 37.773264,-122.422263 NORTH
37.772962,-122.422219 37.772599,-122.422660 SOUTHWEST
37.772962,-122.422219 37.773080,-122.422066 NORTHEAST
37.792562,-122.394096 37.793826,-122.395694 NORTHWEST
37.792562,-122.394096 37.793246,-122.393206 NORTHEAST
37.792562,-122.394096 37.791852,-122.394951 SOUTHWEST
37.792562,-122.394096 37.791294,-122.392507 SOUTHEAST
37.771277,-122.386586 37.771104,-122.389398 WEST
37.781792,-122.388431 37.784749,-122.388199 NORTH
37.781792,-122.388431 37.780618,-122.390544 SOUTHWEST
37.781792,-122.388431 37.779922,-122.389673 SOUTHWEST
37.781792,-122.388431 37.781772,-122.388129 EAST
37.791294,-122.392507 37.792562,-122.394096 NORTHWEST
37.791294,-122.392507 37.792000,-122.391652 NORTHEAST
37.791294,-122.392507 37.790615,-122.393406 SOUTHWEST
37.791294,-122.392507 37.790082,-122.390980 SOUTHEAST
37.790082,-122.390980 37.788852,-122.389431 SOUTHEAST
37.790082,-122.390980 37.789386,-122.391858 SOUTHWEST
37.790082,-122.390980 37.790745,-122.390145 NORTHEAST
37.790082,-122.390980 37.791294,-122.392507 NORTHWEST
37.792049,-122.409195 37.791420,-122.414122 WEST
37.792049,-122.409195 37.792656,-122.404426 EAST
37.792049,-122.409195 37.791093,-122.408997 SOUTH
37.792049,-122.409195 37.792518,-122.409279 NORTH
37.788852,-122.389431 37.790082,-122.390980 NORTHWEST
37.788852,-122.389431 37.789495,-122.388618 NORTHEAST
37.788852,-122.389431 37.788151,-122.390321 SOUTHWEST
37.774821,-122.424210 37.775023,-122.422618 EAST
37.779764,-122.389488 37.777976,-122.391692 SOUTHWEST
37.779764,-122.389488 37.779922,-122.389673 NORTHWEST
37.779764,-122.389488 37.781772,-122.388129 NORTHEAST
37.770859,-122.386464 37.770686,-122.389360 WEST
37.791420,-122.414122 37.791208,-122.415767 WEST
37.791420,-122.414122 37.790466,-122.413930 SOUTH
37.791420,-122.414122 37.792049,-122.409195 EAST
37.791327,-122.399572 37.792261,-122.399785 NORTH
37.791327,-122.399572 37.791050,-122.399163 SOUTHEAST
37.791327,-122.399572 37.790727,-122.399572 SOUTH
37.791327,-122.399572 37.791182,-122.400773 WEST
37.790250,-122.400589 37.790312,-122.400097 EAST
37.790250,-122.400589 37.791182,-122.400773 NORTH
37.790250,-122.400589 37.790043,-122.402221 WEST
37.791182,-122.400773 37.792116,-122.400959 NORTH
37.791182,-122.400773 37.791327,-122.399572 EAST
37.791182,-122.400773 37.790250,-122.400589 SOUTH
37.791182,-122.400773 37.790979,-122.402410 WEST
37.791000,-122.417411 37.791930,-122.417600 NORTH
37.791000,-122.417411 37.790793,-122.419058 WEST
37.791000,-122.417411 37.791208,-122.415767 EAST
37.791000,-122.417411 37.790048,-122.417220 SOUTH
37.790793,-122.419058 37.791000,-122.417411 EAST
37.790793,-122.419058 37.789838,-122.418864 SOUTH
37.790793,-122.419058 37.790584,-122.420701 WEST
37.790584,-122.420701 37.790165,-122.423991 WEST
37.790584,-122.420701 37.789630,-122.420509 SOUTH
37.790584,-122.420701 37.791513,-122.420889 NORTH
37.790584,-122.420701 37.790793,-122.419058 EAST
37.789833,-122.403872 37.790043,-122.402221 EAST
37.789833,-122.403872 37.788901,-122.403684 SOUTH
37.789833,-122.403872 37.790765,-122.404059 NORTH
37.789833,-122.403872 37.789436,-122.406982 WEST
37.774128,-122.420734 37.773080,-122.422066 SOUTHWEST
37.774128,-122.420734 37.773924,-122.420717 SOUTH
37.774128,-122.420734 37.776369,-122.417844 NORTHEAST
37.774128,-122.420734 37.775234,-122.420975 NORTH
37.790165,-122.423991 37.790584,-122.420701 EAST
37.790165,-122.423991 37.789212,-122.423798 SOUTH
37.790765,-122.404059 37.790162,-122.408806 WEST
37.790765,-122.404059 37.790979,-122.402410 EAST
37.790765,-122.404059 37.789833,-122.403872 SOUTH
37.790765,-122.404059 37.791703,-122.404233 NORTH
37.771986,-122.423404 37.772599,-122.422660 NORTHEAST
37.789229,-122.408616 37.790162,-122.408806 NORTH
37.789229,-122.408616 37.789020,-122.410267 WEST
37.789229,-122.408616 37.789436,-122.406982 EAST
37.789229,-122.408616 37.788295,-122.408417 SOUTH
37.789020,-122.410267 37.789229,-122.408616 EAST
37.771765,-122.420352 37.774325,-122.417126 NORTHEAST
37.771765,-122.420352 37.771596,-122.422541 WEST
37.771765,-122.420352 37.770151,-122.420183 SOUTH
37.771765,-122.420352 37.773012,-122.421837 NORTHWEST
37.771765,-122.420352 37.772947,-122.421900 NORTHWEST
37.790162,-122.408806 37.789229,-122.408616 SOUTH
37.790162,-122.408806 37.791093,-122.408997 NORTH
37.790162,-122.408806 37.790765,-122.404059 EAST
37.790162,-122.408806 37.789744,-122.412100 WEST
37.789744,-122.412100 37.790162,-122.408806 EAST
37.789744,-122.412100 37.790675,-122.412287 NORTH
37.789744,-122.412100 37.787876,-122.411723 SOUTH
37.789744,-122.412100 37.789536,-122.413743 WEST
37.789536,-122.413743 37.787667,-122.413366 SOUTH
37.789536,-122.413743 37.789326,-122.415387 WEST
37.789536,-122.413743 37.789744,-122.412100 EAST
37.789536,-122.413743 37.790466,-122.413930 NORTH
37.789326,-122.415387 37.790257,-122.415575 NORTH
37.789326,-122.415387 37.787459,-122.415010 SOUTH
37.789326,-122.415387 37.789115,-122.417035 WEST
37.789326,-122.415387 37.789536,-122.413743 EAST
37.789115,-122.417035 37.788907,-122.418675 WEST
37.789115,-122.417035 37.789326,-122.415387 EAST
37.789115,-122.417035 37.790048,-122.417220 NORTH
37.789115,-122.417035 37.787250,-122.416657 SOUTH
37.788907,-122.418675 37.789838,-122.418864 NORTH
37.788907,-122.418675 37.787042,-122.418298 SOUTH
37.788907,-122.418675 37.788697,-122.420321 WEST
37.788907,-122.418675 37.789115,-122.417035 EAST
37.769535,-122.420008 37.769974,-122.419960 NORTH
37.784013,-122.408071 37.782729,-122.406496 SOUTHEAST
37.784013,-122.408071 37.785394,-122.408696 NORTH
37.784013,-122.408071 37.783509,-122.408711 SOUTHWEST
37.784013,-122.408071 37.785714,-122.405916 NORTHEAST
37.788697,-122.420321 37.788279,-122.423610 WEST
37.788697,-122.420321 37.789630,-122.420509 NORTH
37.788697,-122.420321 37.786833,-122.419945 SOUTH
37.788697,-122.420321 37.788907,-122.418675 EAST
37.769974,-122.419960 37.769976,-122.420178 WEST
37.769974,-122.419960 37.769535,-122.420008 SOUTH
37.769974,-122.419960 37.770139,-122.419939 NORTH
37.769974,-122.419960 37.769712,-122.417834 EAST
37.788279,-122.423610 37.786414,-122.423233 SOUTH
37.788279,-122.423610 37.789212,-122.423798 NORTH
37.788279,-122.423610 37.787025,-122.433476 WEST
37.788279,-122.423610 37.788697,-122.420321 EAST
37.778959,-122.421724 37.777093,-122.421351 SOUTH
37.778959,-122.421724 37.779892,-122.421911 NORTH
37.778959,-122.421724 37.778748,-122.423371 WEST
37.778540,-122.425017 37.778748,-122.423371 EAST
37.772947,-122.421900 37.771765,-122.420352 SOUTHEAST
37.772947,-122.421900 37.772372,-122.422633 SOUTHWEST
37.772947,-122.421900 37.773012,-122.421837 NORTHEAST
37.772947,-122.421900 37.773080,-122.422066 NORTHWEST
37.776415,-122.394128 37.776189,-122.393986 SOUTHEAST
37.776415,-122.394128 37.777103,-122.394997 NORTHWEST
37.776415,-122.394128 37.774644,-122.396377 SOUTHWEST
37.776415,-122.394128 37.778155,-122.391917 NORTHEAST
37.776415,-122.394128 37.776306,-122.393835 SOUTHEAST
37.778155,-122.391917 37.779922,-122.389673 NORTHEAST
37.778155,-122.391917 37.776415,-122.394128 SOUTHWEST
37.778155,-122.391917 37.777976,-122.391692 SOUTHEAST
37.778155,-122.391917 37.778855,-122.392764 NORTHWEST
37.773264,-122.422263 37.772962,-122.422219 SOUTH
37.773264,-122.422263 37.775023,-122.422618 NORTH
37.773264,-122.422263 37.773080,-122.422066 SOUTHEAST
37.785599,-122.414635 37.786529,-122.414822 NORTH
37.785599,-122.414635 37.785808,-122.412992 EAST
37.785599,-122.414635 37.785390,-122.416281 WEST
37.785599,-122.414635 37.782803,-122.414070 SOUTH
37.785390,-122.416281 37.785182,-122.417924 WEST
37.785390,-122.416281 37.786320,-122.416469 NORTH
37.785390,-122.416281 37.782593,-122.415716 SOUTH
37.785390,-122.416281 37.785599,-122.414635 EAST
37.785182,-122.417924 37.786111,-122.418111 NORTH
37.785182,-122.417924 37.785390,-122.416281 EAST
37.785182,-122.417924 37.782384,-122.417360 SOUTH
37.785182,-122.417924 37.784973,-122.419570 WEST
37.784973,-122.419570 37.785182,-122.417924 EAST
37.784973,-122.419570 37.782174,-122.419005 SOUTH
37.784973,-122.419570 37.785903,-122.419757 NORTH
37.784973,-122.419570 37.784551,-122.422856 WEST
37.777804,-122.400313 37.776574,-122.398770 SOUTHEAST
37.777804,-122.400313 37.779035,-122.401858 NORTHWEST
37.777804,-122.400313 37.776045,-122.402538 SOUTHWEST
37.777804,-122.400313 37.779566,-122.398088 NORTHEAST
37.776167,-122.421165 37.775234,-122.420975 SOUTH
37.776167,-122.421165 37.777093,-122.421351 NORTH
37.776167,-122.421165 37.776564,-122.418005 EAST
37.776167,-122.421165 37.775958,-122.422810 WEST
37.779892,-122.421911 37.780272,-122.418615 EAST
37.779892,-122.421911 37.778959,-122.421724 SOUTH
37.779892,-122.421911 37.780823,-122.422103 NORTH
37.776510,-122.417451 37.776466,-122.417504 SOUTHWEST
37.776510,-122.417451 37.776446,-122.417361 SOUTHEAST
37.776510,-122.417451 37.776589,-122.417570 NORTHWEST
37.776510,-122.417451 37.777462,-122.416265 NORTHEAST
37.777545,-122.416362 37.780499,-122.416990 NORTH
37.777545,-122.416362 37.778776,-122.414826 NORTHEAST
37.777545,-122.416362 37.777516,-122.418064 WEST
37.777545,-122.416362 37.776589,-122.417570 SOUTHWEST
37.777545,-122.416362 37.777462,-122.416265 SOUTHEAST
37.776543,-122.417620 37.776369,-122.417844 SOUTHWEST
37.776543,-122.417620 37.776466,-122.417504 SOUTHEAST
37.776543,-122.417620 37.776564,-122.418005 WEST
37.776543,-122.417620 37.776589,-122.417570 NORTHEAST
37.790312,-122.400097 37.789284,-122.401398 SOUTHWEST
37.790312,-122.400097 37.790250,-122.400589 WEST
37.790312,-122.400097 37.790727,-122.399572 NORTHEAST
37.789212,-122.423798 37.787958,-122.433664 WEST
37.789212,-122.423798 37.788279,-122.423610 SOUTH
37.789212,-122.423798 37.789630,-122.420509 EAST
37.789212,-122.423798 37.790165,-122.423991 NORTH
37.786773,-122.392070 37.786112,-122.392906 SOUTHWEST
37.786773,-122.392070 37.788015,-122.393595 NORTHWEST
37.786773,-122.392070 37.788151,-122.390321 NORTHEAST
37.792440,-122.397404 37.791151,-122.395815 SOUTHEAST
37.792440,-122.397404 37.792413,-122.398610 WEST
37.792440,-122.397404 37.793513,-122.397627 NORTH
37.792440,-122.397404 37.791734,-122.398298 SOUTHWEST
37.792440,-122.397404 37.793125,-122.396537 NORTHEAST
37.781002,-122.413150 37.781163,-122.412056 EAST
37.781002,-122.413150 37.780933,-122.413693 WEST
37.781002,-122.413150 37.780527,-122.412576 SOUTHEAST
37.771858,-122.423322 37.772372,-122.422633 NORTHEAST
37.779211,-122.410936 37.777976,-122.409388 SOUTHEAST
37.779211,-122.410936 37.780452,-122.412484 NORTHWEST
37.779211,-122.410936 37.780978,-122.408721 NORTHEAST
37.779211,-122.410936 37.777455,-122.413175 SOUTHWEST
37.777976,-122.409388 37.779211,-122.410936 NORTHWEST
37.777976,-122.409388 37.779736,-122.407163 NORTHEAST
37.777976,-122.409388 37.776753,-122.407854 SOUTHEAST
37.777976,-122.409388 37.776213,-122.411616 SOUTHWEST
37.792261,-122.399785 37.792116,-122.400959 WEST
37.792261,-122.399785 37.792413,-122.398610 EAST
37.792261,-122.399785 37.791327,-122.399572 SOUTH
37.792261,-122.399785 37.793216,-122.399977 NORTH
37.776369,-122.417844 37.774128,-122.420734 SOUTHWEST
37.776369,-122.417844 37.776564,-122.418005 NORTHWEST
37.776369,-122.417844 37.776543,-122.417620 NORTHEAST
37.794998,-122.400332 37.795200,-122.399179 EAST
37.794998,-122.400332 37.795722,-122.401693 NORTHWEST
37.794998,-122.400332 37.794865,-122.401516 WEST
37.794998,-122.400332 37.794144,-122.400164 SOUTH
37.775520,-122.406308 37.777278,-122.404083 NORTHEAST
37.775520,-122.406308 37.773760,-122.408536 SOUTHWEST
37.775520,-122.406308 37.774286,-122.404762 SOUTHEAST
37.775520,-122.406308 37.776753,-122.407854 NORTHWEST
37.773056,-122.403220 37.771833,-122.401682 SOUTHEAST
37.773056,-122.403220 37.774286,-122.404762 NORTHWEST
37.773056,-122.403220 37.771304,-122.405451 SOUTHWEST
37.773056,-122.403220 37.774814,-122.400996 NORTHEAST
37.771833,-122.401682 37.769813,-122.399183 SOUTHEAST
37.771833,-122.401682 37.773056,-122.403220 NORTHWEST
37.771833,-122.401682 37.770051,-122.403857 SOUTHWEST
37.771833,-122.401682 37.775354,-122.397240 NORTHEAST
37.769778,-122.403986 37.770007,-122.404048 NORTH
37.769657,-122.415568 37.771863,-122.414046 NORTHEAST
37.777103,-122.394997 37.778855,-122.392764 NORTHEAST
37.777103,-122.394997 37.776415,-122.394128 SOUTHEAST
37.777103,-122.394997 37.778333,-122.396544 NORTHWEST
37.777103,-122.394997 37.775354,-122.397240 SOUTHWEST
37.788295,-122.408417 37.787367,-122.408233 SOUTH
37.788295,-122.408417 37.789229,-122.408616 NORTH
37.788295,-122.408417 37.787876,-122.411723 WEST
37.788295,-122.408417 37.788501,-122.406794 EAST
37.793831,-122.392449 37.795881,-122.394460 NORTHWEST
37.793831,-122.392449 37.792546,-122.390971 SOUTHEAST
37.793831,-122.392449 37.793714,-122.392601 SOUTHWEST
37.790462,-122.396689 37.789232,-122.395148 SOUTHEAST
37.790462,-122.396689 37.791151,-122.395815 NORTHEAST
37.790462,-122.396689 37.789771,-122.397564 SOUTHWEST
37.790462,-122.396689 37.791734,-122.398298 NORTHWEST
37.789106,-122.402032 37.790043,-122.402221 NORTH
37.789106,-122.402032 37.788901,-122.403684 WEST
37.789106,-122.402032 37.788802,-122.402008 SOUTH
37.790979,-122.402410 37.791182,-122.400773 EAST
37.790979,-122.402410 37.791909,-122.402598 NORTH
37.790979,-122.402410 37.790765,-122.404059 WEST
37.790979,-122.402410 37.790043,-122.402221 SOUTH
37.791909,-122.402598 37.792116,-122.400959 EAST
37.791909,-122.402598 37.790979,-122.402410 SOUTH
37.791909,-122.402598 37.791703,-122.404233 WEST
37.791909,-122.402598 37.792859,-122.402791 NORTH
37.793788,-122.402976 37.794676,-122.403158 NORTH
37.793788,-122.402976 37.792859,-122.402791 SOUTH
37.793788,-122.402976 37.793996,-122.401337 EAST
37.793788,-122.402976 37.793578,-122.404614 WEST
37.777455,-122.413175 37.779211,-122.410936 NORTHEAST
37.777455,-122.413175 37.776233,-122.414717 SOUTHWEST
37.777455,-122.413175 37.776213,-122.411616 SOUTHEAST
37.777455,-122.413175 37.778681,-122.414715 NORTHWEST
37.790727,-122.399572 37.790312,-122.400097 SOUTHWEST
37.790727,-122.399572 37.791050,-122.399163 NORTHEAST
37.790727,-122.399572 37.791327,-122.399572 NORTH
37.794676,-122.403158 37.795533,-122.403313 NORTH
37.794676,-122.403158 37.794462,-122.404793 WEST
37.794676,-122.403158 37.794865,-122.401516 EAST
37.794676,-122.403158 37.793788,-122.402976 SOUTH
37.773080,-122.422066 37.774128,-122.420734 NORTHEAST
37.773080,-122.422066 37.773264,-122.422263 NORTHWEST
37.773080,-122.422066 37.772962,-122.422219 SOUTHWEST
37.773080,-122.422066 37.772947,-122.421900 SOUTHEAST
37.795533,-122.403313 37.795757,-122.403618 NORTHWEST
37.795533,-122.403313 37.795722,-122.401693 EAST
37.795533,-122.403313 37.795329,-122.404966 WEST
37.795533,-122.403313 37.795873,-122.403400 NORTH
37.795533,-122.403313 37.794676,-122.403158 SOUTH
37.796426,-122.403513 37.795873,-122.403400 SOUTH
37.789771,-122.397564 37.790462,-122.396689 NORTHEAST
37.789771,-122.397564 37.791050,-122.399163 NORTHWEST
37.789771,-122.397564 37.788542,-122.396028 SOUTHEAST
37.789771,-122.397564 37.788010,-122.399811 SOUTHWEST
37.786866,-122.393935 37.786112,-122.392906 SOUTHEAST
37.786866,-122.393935 37.787307,-122.394485 NORTHWEST
37.786866,-122.393935 37.786642,-122.393665 SOUTHEAST
37.786015,-122.411348 37.786947,-122.411536 NORTH
37.786015,-122.411348 37.785808,-122.412992 WEST
37.786015,-122.411348 37.786318,-122.408954 EAST
37.786015,-122.411348 37.785081,-122.411159 SOUTH
37.778723,-122.438618 37.780614,-122.423749 EAST
37.774602,-122.389946 37.774482,-122.389945 SOUTH
37.774602,-122.389946 37.775445,-122.389939 NORTH
37.774602,-122.389946 37.774465,-122.391633 WEST
37.774602,-122.389946 37.774562,-122.389743 EAST
37.768833,-122.389183 37.770686,-122.389360 NORTH
37.769818,-122.403392 37.769991,-122.403758 NORTHWEST
37.792342,-122.391218 37.792000,-122.391652 SOUTHWEST
37.792342,-122.391218 37.790745,-122.390145 SOUTHEAST
37.792342,-122.391218 37.793714,-122.392601 NORTHWEST
37.792342,-122.391218 37.792546,-122.390971 NORTHEAST
37.790745,-122.390145 37.792342,-122.391218 NORTHWEST
37.790745,-122.390145 37.790082,-122.390980 SOUTHWEST
37.790745,-122.390145 37.789495,-122.388618 SOUTHEAST
37.790745,-122.390145 37.790919,-122.389922 NORTHEAST
37.789495,-122.388618 37.787094,-122.388015 SOUTH
37.789495,-122.388618 37.788852,-122.389431 SOUTHWEST
37.789495,-122.388618 37.790745,-122.390145 NORTHWEST
37.789495,-122.388618 37.789645,-122.388406 NORTHEAST
37.775445,-122.389939 37.774602,-122.389946 SOUTH
37.775445,-122.389939 37.774562,-122.389743 SOUTH
37.775445,-122.389939 37.776267,-122.389998 NORTH
37.787566,-122.406589 37.787367,-122.408233 WEST
37.787566,-122.406589 37.787768,-122.405057 EAST
37.787566,-122.406589 37.788501,-122.406794 NORTH
37.788901,-122.403684 37.788703,-122.405247 WEST
37.788901,-122.403684 37.789833,-122.403872 NORTH
37.788901,-122.403684 37.789106,-122.402032 EAST
37.788901,-122.403684 37.787965,-122.403497 SOUTH
37.787876,-122.411723 37.786947,-122.411536 SOUTH
37.787876,-122.411723 37.787667,-122.413366 WEST
37.787876,-122.411723 37.789744,-122.412100 NORTH
37.787876,-122.411723 37.788295,-122.408417 EAST
37.787667,-122.413366 37.787459,-122.415010 WEST
37.787667,-122.413366 37.786738,-122.413179 SOUTH
37.787667,-122.413366 37.787876,-122.411723 EAST
37.787667,-122.413366 37.789536,-122.413743 NORTH
37.787459,-122.415010 37.786529,-122.414822 SOUTH
37.787459,-122.415010 37.787667,-122.413366 EAST
37.787459,-122.415010 37.789326,-122.415387 NORTH
37.787459,-122.415010 37.787250,-122.416657 WEST
37.787250,-122.416657 37.787042,-122.418298 WEST
37.787250,-122.416657 37.786320,-122.416469 SOUTH
37.787250,-122.416657 37.789115,-122.417035 NORTH
37.787250,-122.416657 37.787459,-122.415010 EAST
37.787042,-122.418298 37.788907,-122.418675 NORTH
37.787042,-122.418298 37.786833,-122.419945 WEST
37.787042,-122.418298 37.787250,-122.416657 EAST
37.787042,-122.418298 37.786111,-122.418111 SOUTH
37.786833,-122.419945 37.786414,-122.423233 WEST
37.786833,-122.419945 37.787042,-122.418298 EAST
37.786833,-122.419945 37.788697,-122.420321 NORTH
37.786833,-122.419945 37.785903,-122.419757 SOUTH
37.786414,-122.423233 37.788279,-122.423610 NORTH
37.786414,-122.423233 37.785486,-122.423045 SOUTH
37.786414,-122.423233 37.786833,-122.419945 EAST
37.786414,-122.423233 37.786204,-122.424876 WEST
37.786204,-122.424876 37.786414,-122.423233 EAST
37.785224,-122.394027 37.786256,-122.395817 NORTHWEST
37.785224,-122.394027 37.784626,-122.394780 SOUTHWEST
37.785224,-122.394027 37.786409,-122.395624 NORTHWEST
37.785224,-122.394027 37.785939,-122.393124 NORTHEAST
37.780978,-122.408721 37.782729,-122.406496 NORTHEAST
37.780978,-122.408721 37.779211,-122.410936 SOUTHWEST
37.780978,-122.408721 37.782207,-122.410356 NORTHWEST
37.780978,-122.408721 37.779736,-122.407163 SOUTHEAST
37.795843,-122.421763 37.791513,-122.420889 SOUTH
37.779736,-122.407163 37.777976,-122.409388 SOUTHWEST
37.779736,-122.407163 37.778511,-122.405627 SOUTHEAST
37.779736,-122.407163 37.781493,-122.404942 NORTHEAST
37.779736,-122.407163 37.780978,-122.408721 NORTHWEST
37.778511,-122.405627 37.777278,-122.404083 SOUTHEAST
37.778511,-122.405627 37.779736,-122.407163 NORTHWEST
37.778511,-122.405627 37.776753,-122.407854 SOUTHWEST
37.778511,-122.405627 37.780267,-122.403403 NORTHEAST
37.769054,-122.420071 37.769976,-122.420178 NORTH
37.777278,-122.404083 37.778511,-122.405627 NORTHWEST
37.777278,-122.404083 37.775520,-122.406308 SOUTHWEST
37.777278,-122.404083 37.779035,-122.401858 NORTHEAST
37.777278,-122.404083 37.776045,-122.402538 SOUTHEAST
37.795722,-122.401693 37.795533,-122.403313 WEST
37.795722,-122.401693 37.794865,-122.401516 SOUTH
37.795722,-122.401693 37.794998,-122.400332 SOUTHEAST
37.795722,-122.401693 37.796634,-122.401871 NORTH
37.774814,-122.400996 37.776574,-122.398770 NORTHEAST
37.774814,-122.400996 37.776045,-122.402538 NORTHWEST
37.774814,-122.400996 37.773056,-122.403220 SOUTHWEST
37.775023,-122.422618 37.775234,-122.420975 EAST
37.775023,-122.422618 37.775958,-122.422810 NORTH
37.775023,-122.422618 37.774821,-122.424210 WEST
37.775023,-122.422618 37.773264,-122.422263 SOUTH
37.776512,-122.390042 37.777527,-122.391120 NORTHWEST
37.776512,-122.390042 37.776267,-122.389998 SOUTH
37.776889,-122.422997 37.777093,-122.421351 EAST
37.776889,-122.422997 37.775958,-122.422810 SOUTH
37.776889,-122.422997 37.778748,-122.423371 NORTH
37.778748,-122.423371 37.778959,-122.421724 EAST
37.778748,-122.423371 37.778540,-122.425017 WEST
37.778748,-122.423371 37.780614,-122.423749 NORTH
37.778748,-122.423371 37.776889,-122.422997 SOUTH
37.780614,-122.423749 37.781756,-122.422292 NORTHEAST
37.780614,-122.423749 37.780823,-122.422103 EAST
37.780614,-122.423749 37.778723,-122.438618 WEST
37.780614,-122.423749 37.778748,-122.423371 SOUTH
37.795873,-122.403400 37.795533,-122.403313 SOUTH
37.795873,-122.403400 37.795757,-122.403618 SOUTHWEST
37.795873,-122.403400 37.796426,-122.403513 NORTH
37.795757,-122.403618 37.795533,-122.403313 SOUTHEAST
37.795757,-122.403618 37.795873,-122.403400 NORTHEAST
37.795757,-122.403618 37.796308,-122.404428 NORTHWEST
37.778681,-122.414715 37.780452,-122.412484 NORTHEAST
37.778681,-122.414715 37.778776,-122.414826 NORTHWEST
37.778681,-122.414715 37.777455,-122.413175 SOUTHEAST
37.778681,-122.414715 37.777462,-122.416265 SOUTHWEST
37.780452,-122.412484 37.779211,-122.410936 SOUTHEAST
37.780452,-122.412484 37.782207,-122.410356 NORTHEAST
37.780452,-122.412484 37.780527,-122.412576 NORTHWEST
37.780452,-122.412484 37.778681,-122.414715 SOUTHWEST
37.770151,-122.420183 37.769976,-122.420178 SOUTH
37.770151,-122.420183 37.771765,-122.420352 NORTH
37.770151,-122.420183 37.770139,-122.419939 EAST
37.770151,-122.420183 37.769918,-122.421617 WEST
37.780981,-122.412002 37.781163,-122.412056 NORTH
37.780981,-122.412002 37.781205,-122.411717 NORTHEAST
37.780981,-122.412002 37.780527,-122.412576 SOUTHWEST
37.780527,-122.412576 37.780452,-122.412484 SOUTHEAST
37.780527,-122.412576 37.781002,-122.413150 NORTHWEST
37.780527,-122.412576 37.780981,-122.412002 NORTHEAST
37.780527,-122.412576 37.778776,-122.414826 SOUTHWEST
37.778776,-122.414826 37.780726,-122.415339 NORTH
37.778776,-122.414826 37.777545,-122.416362 SOUTHWEST
37.778776,-122.414826 37.780527,-122.412576 NORTHEAST
37.778776,-122.414826 37.778681,-122.414715 SOUTHEAST
37.769918,-122.421617 37.769976,-122.420178 EAST
37.769918,-122.421617 37.771596,-122.422541 NORTHWEST
37.769918,-122.421617 37.770151,-122.420183 EAST
37.795480,-122.396834 37.795071,-122.396743 SOUTH
37.795480,-122.396834 37.795340,-122.398010 WEST
37.795480,-122.396834 37.796352,-122.396992 NORTH
37.787768,-122.405057 37.788703,-122.405247 NORTH
37.787768,-122.405057 37.786434,-122.408056 SOUTHWEST
37.787768,-122.405057 37.787566,-122.406589 WEST
37.787768,-122.405057 37.787965,-122.403497 EAST
37.774465,-122.391633 37.775368,-122.392792 NORTHWEST
37.774465,-122.391633 37.774425,-122.391600 SOUTHEAST
37.774465,-122.391633 37.774602,-122.389946 EAST
37.775958,-122.422810 37.775834,-122.423797 WEST
37.775958,-122.422810 37.776167,-122.421165 EAST
37.775958,-122.422810 37.775023,-122.422618 SOUTH
37.775958,-122.422810 37.776889,-122.422997 NORTH
37.796352,-122.396992 37.795480,-122.396834 SOUTH
37.770686,-122.389360 37.768833,-122.389183 SOUTH
37.770686,-122.389360 37.770859,-122.386464 EAST
37.770686,-122.389360 37.771104,-122.389398 NORTH
37.776267,-122.389998 37.776512,-122.390042 NORTH
37.776267,-122.389998 37.771503,-122.386668 SOUTHEAST
37.776267,-122.389998 37.775445,-122.389939 SOUTH
37.774498,-122.396182 37.776189,-122.393986 NORTHEAST
37.795071,-122.396743 37.795507,-122.396716 NORTH
37.795071,-122.396743 37.795480,-122.396834 NORTH
37.795071,-122.396743 37.794589,-122.396649 SOUTH
37.785500,-122.407868 37.786434,-122.408056 NORTH
37.785500,-122.407868 37.785394,-122.408696 WEST
37.785500,-122.407868 37.785714,-122.405916 EAST
37.777527,-122.391120 37.776512,-122.390042 SOUTHEAST
37.777527,-122.391120 37.777976,-122.391692 NORTHWEST
37.778855,-122.392764 37.777103,-122.394997 SOUTHWEST
37.778855,-122.392764 37.780618,-122.390544 NORTHEAST
37.778855,-122.392764 37.778155,-122.391917 SOUTHEAST
37.778855,-122.392764 37.780094,-122.394316 NORTHWEST
37.791093,-122.408997 37.790162,-122.408806 SOUTH
37.791093,-122.408997 37.790675,-122.412287 WEST
37.791093,-122.408997 37.791703,-122.404233 EAST
37.791093,-122.408997 37.792049,-122.409195 NORTH
37.780094,-122.394316 37.778855,-122.392764 SOUTHEAST
37.780094,-122.394316 37.781858,-122.392084 NORTHEAST
37.780094,-122.394316 37.778333,-122.396544 SOUTHWEST
37.780094,-122.394316 37.781326,-122.395860 NORTHWEST
37.774644,-122.396377 37.776415,-122.394128 NORTHEAST
37.793858,-122.409554 37.793867,-122.409490 EAST
37.793858,-122.409554 37.794280,-122.409642 NORTH
37.793858,-122.409554 37.793420,-122.409458 SOUTH
37.795622,-122.409915 37.795889,-122.409969 NORTH
37.795622,-122.409915 37.794280,-122.409642 SOUTH
37.795622,-122.409915 37.795828,-122.408269 EAST
37.782080,-122.412238 37.781163,-122.412056 SOUTH
37.782080,-122.412238 37.781870,-122.413882 WEST
37.782080,-122.412238 37.782207,-122.410356 EAST
37.782080,-122.412238 37.783012,-122.412426 NORTH
37.782556,-122.397400 37.781326,-122.395860 SOUTHEAST
37.782556,-122.397400 37.780791,-122.399635 SOUTHWEST
37.782556,-122.397400 37.783788,-122.398943 NORTHWEST
37.782556,-122.397400 37.783426,-122.396302 NORTHEAST
37.781870,-122.413882 37.781660,-122.415527 WEST
37.781870,-122.413882 37.782080,-122.412238 EAST
37.781870,-122.413882 37.782803,-122.414070 NORTH
37.781870,-122.413882 37.780933,-122.413693 SOUTH
37.795340,-122.398010 37.794441,-122.397816 SOUTH
37.795340,-122.398010 37.795480,-122.396834 EAST
37.795340,-122.398010 37.795200,-122.399179 WEST
37.783788,-122.398943 37.782556,-122.397400 SOUTHEAST
37.783788,-122.398943 37.784658,-122.397841 NORTHEAST
37.783788,-122.398943 37.785015,-122.400478 NORTHWEST
37.783788,-122.398943 37.782025,-122.401176 SOUTHWEST
37.781660,-122.415527 37.780726,-122.415339 SOUTH
37.781660,-122.415527 37.781870,-122.413882 EAST
37.781660,-122.415527 37.782593,-122.415716 NORTH
37.781660,-122.415527 37.781451,-122.417173 WEST
37.769754,-122.404434 37.770007,-122.404048 NORTHEAST
37.785015,-122.400478 37.786261,-122.402041 NORTHWEST
37.785015,-122.400478 37.785888,-122.399379 NORTHEAST
37.785015,-122.400478 37.783251,-122.402708 SOUTHWEST
37.785015,-122.400478 37.783788,-122.398943 SOUTHEAST
37.781451,-122.417173 37.781660,-122.415527 EAST
37.781451,-122.417173 37.780499,-122.416990 SOUTH
37.781451,-122.417173 37.781242,-122.418811 WEST
37.781451,-122.417173 37.782384,-122.417360 NORTH
37.794462,-122.404793 37.794676,-122.403158 EAST
37.794462,-122.404793 37.794065,-122.407914 WEST
37.794462,-122.404793 37.795329,-122.404966 NORTH
37.794462,-122.404793 37.793578,-122.404614 SOUTH
37.781242,-122.418811 37.780272,-122.418615 SOUTH
37.781242,-122.418811 37.780823,-122.422103 WEST
37.781242,-122.418811 37.781451,-122.417173 EAST
37.781242,-122.418811 37.782174,-122.419005 NORTH
37.770051,-122.403857 37.771833,-122.401682 NORTHEAST
37.770051,-122.403857 37.769991,-122.403758 SOUTHEAST
37.770051,-122.403857 37.770055,-122.403940 WEST
37.786261,-122.402041 37.784484,-122.404257 SOUTHWEST
37.786261,-122.402041 37.787455,-122.400509 NORTHEAST
37.786261,-122.402041 37.785015,-122.400478 SOUTHEAST
37.786261,-122.402041 37.787676,-122.403436 NORTHWEST
37.771301,-122.408537 37.770070,-122.406998 SOUTHEAST
37.771301,-122.408537 37.772538,-122.410083 NORTHWEST
37.771301,-122.408537 37.770337,-122.409767 SOUTHWEST
37.771301,-122.408537 37.772489,-122.407045 NORTHEAST
37.770462,-122.392849 37.770673,-122.389577 EAST
37.770055,-122.403940 37.770007,-122.404048 SOUTHWEST
37.770055,-122.403940 37.771304,-122.405451 NORTHWEST
37.770055,-122.403940 37.770051,-122.403857 EAST
37.784551,-122.422856 37.781756,-122.422292 SOUTH
37.784551,-122.422856 37.785486,-122.423045 NORTH
37.784551,-122.422856 37.784973,-122.419570 EAST
37.784551,-122.422856 37.785074,-122.423963 NORTHWEST
37.769991,-122.403758 37.769774,-122.403881 SOUTHWEST
37.769991,-122.403758 37.770051,-122.403857 NORTHWEST
37.769991,-122.403758 37.769818,-122.403392 SOUTHEAST
37.770673,-122.389577 37.771091,-122.389617 NORTH
37.770673,-122.389577 37.770462,-122.392849 WEST
37.770673,-122.389577 37.769190,-122.389443 SOUTH
37.769774,-122.403881 37.769991,-122.403758 NORTHEAST
37.770007,-122.404048 37.769754,-122.404434 SOUTHWEST
37.770007,-122.404048 37.770055,-122.403940 NORTHEAST
37.770007,-122.404048 37.769778,-122.403986 SOUTH
37.771091,-122.389617 37.774482,-122.389945 NORTH
37.771091,-122.389617 37.770673,-122.389577 SOUTH
37.771091,-122.389617 37.771104,-122.389398 EAST
37.771091,-122.389617 37.770796,-122.394522 WEST
37.794589,-122.396649 37.794441,-122.397816 WEST
37.794589,-122.396649 37.793665,-122.396480 SOUTH
37.794589,-122.396649 37.795071,-122.396743 NORTH
37.776233,-122.414717 37.775278,-122.415923 SOUTHWEST
37.776233,-122.414717 37.775000,-122.413153 SOUTHEAST
37.776233,-122.414717 37.777455,-122.413175 NORTHEAST
37.776233,-122.414717 37.777462,-122.416265 NORTHWEST
37.769453,-122.406226 37.770070,-122.406998 NORTHWEST
37.775834,-122.423797 37.775958,-122.422810 EAST
37.791151,-122.395815 37.790462,-122.396689 SOUTHWEST
37.791151,-122.395815 37.792440,-122.397404 NORTHWEST
37.791151,-122.395815 37.789923,-122.394280 SOUTHEAST
37.791151,-122.395815 37.791852,-122.394951 NORTHEAST
37.769573,-122.408769 37.770337,-122.409767 NORTHWEST
37.780823,-122.422103 37.781756,-122.422292 NORTH
37.780823,-122.422103 37.781242,-122.418811 EAST
37.780823,-122.422103 37.779892,-122.421911 SOUTH
37.780823,-122.422103 37.780614,-122.423749 WEST
37.771304,-122.405451 37.770070,-122.406998 SOUTHWEST
37.771304,-122.405451 37.772541,-122.406967 NORTHWEST
37.771304,-122.405451 37.773056,-122.403220 NORTHEAST
37.771304,-122.405451 37.770055,-122.403940 SOUTHEAST
37.771304,-122.405451 37.772489,-122.407045 NORTHWEST
37.772489,-122.407045 37.772541,-122.406967 NORTHEAST
37.772489,-122.407045 37.771301,-122.408537 SOUTHWEST
37.772489,-122.407045 37.771304,-122.405451 SOUTHEAST
37.772489,-122.407045 37.772735,-122.407248 NORTHWEST
37.772541,-122.406967 37.774286,-122.404762 NORTHEAST
37.772541,-122.406967 37.772735,-122.407248 NORTHWEST
37.772541,-122.406967 37.771304,-122.405451 SOUTHEAST
37.772541,-122.406967 37.772489,-122.407045 SOUTHWEST
37.772735,-122.407248 37.772541,-122.406967 SOUTHEAST
37.772735,-122.407248 37.773760,-122.408536 NORTHWEST
37.772735,-122.407248 37.772489,-122.407045 SOUTHEAST
37.793249,-122.396401 37.793665,-122.396480 NORTH
37.793249,-122.396401 37.793354,-122.396278 NORTHEAST
37.793249,-122.396401 37.793125,-122.396537 SOUTHWEST
37.781858,-122.392084 37.784749,-122.388199 NORTHEAST
37.781858,-122.392084 37.780618,-122.390544 SOUTHEAST
37.781858,-122.392084 37.783092,-122.393620 NORTHWEST
37.781858,-122.392084 37.780094,-122.394316 SOUTHWEST
37.783012,-122.412426 37.782080,-122.412238 SOUTH
37.783012,-122.412426 37.782803,-122.414070 WEST
37.783012,-122.412426 37.784873,-122.412803 NORTH
37.783012,-122.412426 37.783220,-122.410784 EAST
37.795978,-122.396806 37.795507,-122.396716 SOUTH
37.791208,-122.415767 37.791000,-122.417411 WEST
37.791208,-122.415767 37.791420,-122.414122 EAST
37.791208,-122.415767 37.790257,-122.415575 SOUTH
37.787367,-122.408233 37.786947,-122.411536 WEST
37.787367,-122.408233 37.786434,-122.408056 SOUTH
37.787367,-122.408233 37.787566,-122.406589 EAST
37.787367,-122.408233 37.788295,-122.408417 NORTH
37.794065,-122.407914 37.793185,-122.407736 SOUTH
37.794065,-122.407914 37.794462,-122.404793 EAST
37.794065,-122.407914 37.793867,-122.409490 WEST
37.794065,-122.407914 37.795828,-122.408269 NORTH
37.790043,-122.402221 37.790979,-122.402410 NORTH
37.790043,-122.402221 37.790250,-122.400589 EAST
37.790043,-122.402221 37.789106,-122.402032 SOUTH
37.790043,-122.402221 37.789833,-122.403872 WEST
37.779035,-122.401858 37.780267,-122.403403 NORTHWEST
37.779035,-122.401858 37.777804,-122.400313 SOUTHEAST
37.779035,-122.401858 37.780791,-122.399635 NORTHEAST
37.779035,-122.401858 37.777278,-122.404083 SOUTHWEST
37.769976,-122.420178 37.769054,-122.420071 SOUTH
37.769976,-122.420178 37.770151,-122.420183 NORTH
37.769976,-122.420178 37.769918,-122.421617 WEST
37.769976,-122.420178 37.769974,-122.419960 EAST
37.788031,-122.402984 37.788802,-122.402008 NORTHEAST
37.788031,-122.402984 37.787676,-122.403436 SOUTHWEST
37.788031,-122.402984 37.787965,-122.403497 WEST
37.791050,-122.399163 37.791734,-122.398298 NORTHEAST
37.791050,-122.399163 37.791327,-122.399572 NORTHWEST
37.791050,-122.399163 37.789771,-122.397564 SOUTHEAST
37.791050,-122.399163 37.790727,-122.399572 SOUTHWEST
37.795931,-122.407451 37.795828,-122.408269 WEST
37.789436,-122.406982 37.789229,-122.408616 WEST
37.789436,-122.406982 37.793185,-122.407736 NORTH
37.789436,-122.406982 37.789833,-122.403872 EAST
37.789436,-122.406982 37.788501,-122.406794 SOUTH
37.793665,-122.396480 37.793513,-122.397627 WEST
37.793665,-122.396480 37.793249,-122.396401 SOUTH
37.793665,-122.396480 37.794589,-122.396649 NORTH
37.793665,-122.396480 37.793682,-122.396351 EAST
37.787080,-122.387708 37.787094,-122.388015 WEST
37.787080,-122.387708 37.784732,-122.387896 SOUTH
37.787080,-122.387708 37.789645,-122.388406 NORTH
37.786927,-122.388784 37.787094,-122.388015 EAST
37.786927,-122.388784 37.783092,-122.393620 SOUTHWEST
37.786927,-122.388784 37.788151,-122.390321 NORTHWEST
37.774325,-122.417126 37.775550,-122.418675 NORTHWEST
37.774325,-122.417126 37.769873,-122.417697 SOUTH
37.774325,-122.417126 37.775278,-122.415923 NORTHEAST
37.774325,-122.417126 37.773097,-122.415578 SOUTHEAST
37.774325,-122.417126 37.771765,-122.420352 SOUTHWEST
37.785404,-122.424344 37.785486,-122.423045 EAST
37.769705,-122.411285 37.770634,-122.412493 NORTHWEST
37.780358,-122.399091 37.780791,-122.399635 NORTHWEST
37.780358,-122.399091 37.779566,-122.398088 SOUTHEAST
37.793682,-122.396351 37.795507,-122.396716 NORTH
37.793682,-122.396351 37.793665,-122.396480 WEST
37.793682,-122.396351 37.793354,-122.396278 SOUTH
37.795507,-122.396716 37.795071,-122.396743 SOUTH
37.795507,-122.396716 37.795978,-122.396806 NORTH
37.795507,-122.396716 37.793682,-122.396351 SOUTH
37.783092,-122.393620 37.786927,-122.388784 NORTHEAST
37.783092,-122.393620 37.784095,-122.394898 NORTHWEST
37.783092,-122.393620 37.781858,-122.392084 SOUTHEAST
37.783092,-122.393620 37.781326,-122.395860 SOUTHWEST
37.782729,-122.406496 37.781493,-122.404942 SOUTHEAST
37.782729,-122.406496 37.784013,-122.408071 NORTHWEST
37.782729,-122.406496 37.784484,-122.404257 NORTHEAST
37.782729,-122.406496 37.780978,-122.408721 SOUTHWEST
37.781326,-122.395860 37.782556,-122.397400 NORTHWEST
37.781326,-122.395860 37.783092,-122.393620 NORTHEAST
37.781326,-122.395860 37.780094,-122.394316 SOUTHEAST
37.781326,-122.395860 37.779566,-122.398088 SOUTHWEST
37.796216,-122.418459 37.791930,-122.417600 SOUTH
37.784749,-122.388199 37.787094,-122.388015 NORTH
37.784749,-122.388199 37.781858,-122.392084 SOUTHWEST
37.784749,-122.388199 37.784732,-122.387896 EAST
37.784749,-122.388199 37.781792,-122.388431 SOUTH
37.787094,-122.388015 37.784749,-122.388199 SOUTH
37.787094,-122.388015 37.786927,-122.388784 WEST
37.787094,-122.388015 37.787080,-122.387708 EAST
37.787094,-122.388015 37.789495,-122.388618 NORTH
37.776045,-122.402538 37.777278,-122.404083 NORTHWEST
37.776045,-122.402538 37.777804,-122.400313 NORTHEAST
37.776045,-122.402538 37.774286,-122.404762 SOUTHWEST
37.776045,-122.402538 37.774814,-122.400996 SOUTHEAST
