37.786112,-122.392906 300759042
37.775354,-122.397240 65325061
37.774286,-122.404762 65290251
37.786434,-122.408056 1578907668
37.769472,-122.410933 65290267
37.772527,-122.393951 1985091613
37.796634,-122.401871 65337375
37.796308,-122.404428 65337383
37.780272,-122.418615 65327144
37.796223,-122.405147 65337385
37.782174,-122.419005 65327150
37.785903,-122.419757 65327158
37.795828,-122.408269 65337399
37.770337,-122.409767 65283764
37.789630,-122.420509 65327169
37.775278,-122.415923 65351748
37.785939,-122.393124 4627636293
37.769813,-122.399183 4179515466
37.775431,-122.419398 65310795
37.776466,-122.417504 5257236556
37.769190,-122.389443 3997931597
37.775234,-122.420975 65310799
37.769241,-122.407901 65308756
37.786035,-122.393003 4627636311
37.784484,-122.404257 65351772
37.793714,-122.392601 258965613
37.796634,-122.395556 258965616
37.770796,-122.394522 2249879687
37.785394,-122.408696 65313133
37.792000,-122.391652 65306785
37.790615,-122.393406 65306787
37.789923,-122.394280 65306789
37.788010,-122.399811 65317030
37.789232,-122.395148 65306793
37.788542,-122.396028 65306795
37.786773,-122.398259 65306797
37.786206,-122.398984 65306800
37.785888,-122.399379 65306802
37.783251,-122.402708 65306804
37.784313,-122.395178 65317045
37.781493,-122.404942 65306810
37.786256,-122.395817 65286336
37.780618,-122.390544 65317058
37.779922,-122.389673 65317060
37.776213,-122.411616 65306827
37.775000,-122.413153 65306829
37.774043,-122.414368 65306838
37.773097,-122.415578 65306840
37.785808,-122.412992 1580501216
37.774425,-122.391600 768247163
37.770797,-122.417463 65306853
37.782803,-122.414070 65362154
37.792983,-122.409321 5020557547
37.792518,-122.409279 5020557553
37.793867,-122.409490 5020557554
37.793420,-122.409458 5020557558
37.794751,-122.409663 5020557559
37.794280,-122.409642 5020557563
37.791852,-122.394951 65329405
37.788501,-122.406794 1271001343
37.788703,-122.405247 1271001348
37.787025,-122.433476 65319981
37.794292,-122.398992 65307354
37.792546,-122.390971 3719575845
37.776589,-122.417570 4720933158
37.792413,-122.398610 65327403
37.795200,-122.399179 65327408
37.794865,-122.401516 65336947
37.777516,-122.418064 65325366
37.777093,-122.421351 65325371
37.777462,-122.416265 4178174287
37.791016,-122.424801 4177156439
37.769889,-122.417803 300515687
37.770139,-122.419939 276543853
37.786318,-122.408954 65313138
37.782593,-122.415716 65360270
37.783509,-122.408711 1723739205
37.783220,-122.410784 65343958
37.776189,-122.393986 666571224
37.774562,-122.389743 293820891
37.790675,-122.412287 65343967
37.774482,-122.389945 293820904
37.781772,-122.388129 260193349
37.770638,-122.419772 65337860
37.776446,-122.417361 2884715022
37.785544,-122.396719 65317042
37.781205,-122.411717 4061806116
37.795329,-122.404966 65374771
37.785081,-122.411159 65333814
37.784873,-122.412803 65333819
37.771503,-122.386668 65337916
37.785074,-122.423963 427891263
37.781756,-122.422292 65350752
37.786642,-122.393665 4627636303
37.793354,-122.396278 5014084172
37.793125,-122.396537 5014084173
37.787958,-122.433664 65352464
37.784732,-122.387896 65315452
37.781163,-122.412056 65352321
37.780933,-122.413693 65352325
37.769712,-122.417834 276546182
37.790919,-122.389922 65317511
37.789284,-122.401398 1723739244
37.780726,-122.415339 65352330
37.780499,-122.416990 65352337
37.778333,-122.396544 65315477
37.787307,-122.394485 65317526
37.776574,-122.398770 65315481
37.786409,-122.395624 65317530
37.784658,-122.397841 65317532
37.785486,-122.423045 65338019
37.782025,-122.401176 65317542
37.780267,-122.403403 65317544
37.770070,-122.406998 65315504
37.782384,-122.417360 65354419
37.774993,-122.410083 65317565
37.773773,-122.411627 65317568
37.772820,-122.412834 65317570
37.771863,-122.414046 65317572
37.789386,-122.391858 890045127
37.788692,-122.392739 890045131
37.788015,-122.393595 890045132
37.782207,-122.410356 1723738829
37.791734,-122.398298 1723738831
37.775550,-122.418675 1723738832
37.794441,-122.397816 65307352
37.772372,-122.422633 1723738842
37.780791,-122.399635 65282779
37.794144,-122.400164 65307356
37.793996,-122.401337 65307359
37.792116,-122.400959 65352417
37.793578,-122.404614 65307363
37.773012,-122.421837 1723738852
37.795889,-122.409969 4104762088
37.791703,-122.404233 65352429
37.793185,-122.407736 65307376
37.793826,-122.395694 1723738865
37.771596,-122.422541 65319667
37.792977,-122.409361 65307381
37.795881,-122.394460 3999607543
37.790466,-122.413930 65352446
37.796576,-122.408420 3999675136
37.790257,-122.415575 65352450
37.790048,-122.417220 65352454
37.785714,-122.405916 1723738887
37.789838,-122.418864 65352457
37.788802,-122.402008 1723738893
37.791930,-122.417600 65307408
37.791513,-122.420889 65307414
37.784095,-122.394898 317102881
37.784626,-122.394780 317102904
37.787455,-122.400509 65329980
37.789645,-122.388406 65317703
37.788151,-122.390321 65317709
37.783426,-122.396302 65317713
37.793246,-122.393206 65309522
37.779566,-122.398088 65284950
37.787965,-122.403497 65334111
37.772599,-122.422660 1723738980
37.786947,-122.411536 65334120
37.773924,-122.420717 1723738985
37.773760,-122.408536 65317738
37.786738,-122.413179 65334125
37.787676,-122.403436 1723738990
37.786529,-122.414822 65334128
37.772538,-122.410083 65317747
37.786320,-122.416469 65334133
37.771587,-122.411287 65317752
37.786111,-122.418111 65334137
37.770634,-122.412493 65317754
37.775368,-122.392792 666585985
37.776306,-122.393835 260193155
37.777976,-122.391692 260193156
37.769604,-122.413341 4547300237
37.769873,-122.417697 4547300241
37.776753,-122.407854 65303706
37.776564,-122.418005 1723739045
37.793513,-122.397627 65295275
37.793365,-122.398801 65295278
37.793216,-122.399977 65295279
37.793067,-122.401152 65295281
37.771104,-122.389398 54891446
37.792859,-122.402791 65295287
37.792656,-122.404426 65295289
37.772962,-122.422219 1723739068
37.792562,-122.394096 65303488
37.771277,-122.386586 54891461
37.781792,-122.388431 260193222
37.791294,-122.392507 65303495
37.790082,-122.390980 65303500
37.792049,-122.409195 65295311
37.788852,-122.389431 65303506
37.774821,-122.424210 267455444
37.779764,-122.389488 260193242
37.770859,-122.386464 54891483
37.791420,-122.414122 65295328
37.791327,-122.399572 65319908
37.790250,-122.400589 65303525
37.791182,-122.400773 65319911
37.791000,-122.417411 65295336
37.790793,-122.419058 65295337
37.790584,-122.420701 65295340
37.789833,-122.403872 65303533
37.774128,-122.420734 1723739120
37.790165,-122.423991 65295345
37.790765,-122.404059 65319923
37.771986,-122.423404 267455477
37.789229,-122.408616 65303544
37.789020,-122.410267 65303546
37.771765,-122.420352 65315836
37.790162,-122.408806 65319944
37.789744,-122.412100 65319949
37.789536,-122.413743 65319951
37.789326,-122.415387 65319956
37.789115,-122.417035 65319958
37.788907,-122.418675 65319961
37.769535,-122.420008 65362970
37.784013,-122.408071 1723739163
37.788697,-122.420321 65319964
37.769974,-122.419960 65362975
37.788279,-122.423610 65319968
37.778959,-122.421724 65287209
37.778540,-122.425017 65287213
37.772947,-122.421900 1723739183
37.776415,-122.394128 260193330
37.778155,-122.391917 260193331
37.773264,-122.422263 5277057887
37.785599,-122.414635 65317951
37.785390,-122.416281 65317954
37.785182,-122.417924 65317956
37.784973,-122.419570 65317957
37.777804,-122.400313 65281097
37.776167,-122.421165 65350740
37.779892,-122.421911 65350747
37.776510,-122.417451 4061762656
37.777545,-122.416362 4061762661
37.776543,-122.417620 4061762663
37.790312,-122.400097 1723739241
37.789212,-122.423798 65350764
37.786773,-122.392070 65285239
37.792440,-122.397404 1723739266
37.781002,-122.413150 65303689
37.771858,-122.423322 65281218
37.779211,-122.410936 65303696
37.777976,-122.409388 65303704
37.792261,-122.399785 65336474
37.776369,-122.417844 4178230427
37.794998,-122.400332 65336479
37.775520,-122.406308 65303713
37.773056,-122.403220 65303719
37.771833,-122.401682 65303721
37.769778,-122.403986 3985226613
37.769657,-122.415568 1266060482
37.777103,-122.394997 65334473
37.788295,-122.408417 552853367
37.793831,-122.392449 65363148
37.790462,-122.396689 65363153
37.789106,-122.402032 65305814
37.790979,-122.402410 65305815
37.791909,-122.402598 65305817
37.793788,-122.402976 65305819
37.777455,-122.413175 65363166
37.790727,-122.399572 1723739359
37.794676,-122.403158 65305827
37.773080,-122.422066 1723739367
37.795533,-122.403313 65305832
37.796426,-122.403513 65305835
37.789771,-122.397564 65334510
37.786866,-122.393935 65334523
37.786015,-122.411348 1580501206
37.778723,-122.438618 259138846
37.774602,-122.389946 590607921
37.768833,-122.389183 302034224
37.769818,-122.403392 300444895
37.792342,-122.391218 260193609
37.790745,-122.390145 260193612
37.789495,-122.388618 260193613
37.775445,-122.389939 590622034
37.787566,-122.406589 2936165726
37.788901,-122.403684 65314146
37.787876,-122.411723 65314158
37.787667,-122.413366 65314161
37.787459,-122.415010 65314163
37.787250,-122.416657 65314166
37.787042,-122.418298 65314171
37.786833,-122.419945 65314173
37.786414,-122.423233 65314180
37.786204,-122.424876 65314183
37.785224,-122.394027 65281429
37.780978,-122.408721 65293746
37.795843,-122.421763 5027689910
37.779736,-122.407163 65293753
37.778511,-122.405627 65293760
37.769054,-122.420071 65314241
37.777278,-122.404083 65293768
37.795722,-122.401693 65359314
37.774814,-122.400996 65293779
37.775023,-122.422618 5352469988
37.776512,-122.390042 768247378
37.776889,-122.422997 5352469999
37.778748,-122.423371 5352470007
37.780614,-122.423749 5352470014
37.795873,-122.403400 4188186119
37.795757,-122.403618 4188186120
37.778681,-122.414715 4061806111
37.780452,-122.412484 4061806112
37.770151,-122.420183 65314340
37.780981,-122.412002 4061806117
37.780527,-122.412576 4061806118
37.778776,-122.414826 4061806119
37.769918,-122.421617 65314345
37.795480,-122.396834 65324593
37.787768,-122.405057 65328690
37.774465,-122.391633 293820339
37.775958,-122.422810 65329079
37.796352,-122.396992 65324599
37.770686,-122.389360 65300028
37.776267,-122.389998 65300030
37.774498,-122.396182 65355330
37.795071,-122.396743 5021056579
37.785500,-122.407868 65332806
37.777527,-122.391120 65300043
37.778855,-122.392764 65300049
37.791093,-122.408997 65332818
37.780094,-122.394316 65300052
37.774644,-122.396377 65355354
37.793858,-122.409554 65332833
37.795622,-122.409915 65332839
37.782080,-122.412238 65308264
37.782556,-122.397400 65300073
37.781870,-122.413882 65308268
37.795340,-122.398010 65336941
37.783788,-122.398943 65300078
37.781660,-122.415527 65308272
37.769754,-122.404434 2304626291
37.785015,-122.400478 65300085
37.781451,-122.417173 65308278
37.794462,-122.404793 65336953
37.781242,-122.418811 65308283
37.770051,-122.403857 2304626301
37.786261,-122.402041 65300097
37.771301,-122.408537 65283737
37.770462,-122.392849 984774300
37.770055,-122.403940 2304626340
37.784551,-122.422856 65287111
37.769991,-122.403758 2304626355
37.770673,-122.389577 293818036
37.769774,-122.403881 2304626359
37.770007,-122.404048 2304626360
37.771091,-122.389617 293818041
37.794589,-122.396649 317122247
37.776233,-122.414717 65339089
37.769453,-122.406226 65339116
37.775834,-122.423797 5112440561
37.791151,-122.395815 65308413
37.769573,-122.408769 3999577857
37.780823,-122.422103 65308289
37.771304,-122.405451 2548141867
37.772489,-122.407045 2548141871
37.772541,-122.406967 2548141872
37.772735,-122.407248 2548141873
37.793249,-122.396401 258756405
37.781858,-122.392084 65315466
37.783012,-122.412426 65365830
37.795978,-122.396806 4177227605
37.791208,-122.415767 65295332
37.787367,-122.408233 552853360
37.794065,-122.407914 65336961
37.790043,-122.402221 65303529
37.779035,-122.401858 65281916
37.769976,-122.420178 276543369
37.788031,-122.402984 1723739121
37.791050,-122.399163 1723739123
37.795931,-122.407451 4019576759
37.789436,-122.406982 65303541
37.793665,-122.396480 1723768769
37.787080,-122.387708 65290178
37.786927,-122.388784 65290184
37.774325,-122.417126 65325009
37.785404,-122.424344 4013421806
37.769705,-122.411285 65325015
37.780358,-122.399091 65335256
37.793682,-122.396351 1723768799
37.795507,-122.396716 340164576
37.783092,-122.393620 65290211
37.782729,-122.406496 65325032
37.781326,-122.395860 65290217
37.796216,-122.418459 2081701867
37.784749,-122.388199 258965488
37.787094,-122.388015 258965489
37.776045,-122.402538 65290229
