40.743867,-73.971634 406048768
40.748231,-73.976248 42449938
40.765521,-73.980036 42440022
40.750108,-73.968874 42453000
40.750802,-73.978502 42453005
40.749114,-73.974518 42453007
40.748183,-73.972307 42453008
40.750828,-74.001882 42438674
40.753089,-74.007293 42438684
40.744009,-73.999420 42435618
40.757912,-73.977655 42432580
40.760463,-73.983706 42432585
40.761668,-73.986566 42432589
40.760240,-73.961509 42455119
40.762862,-73.989402 42432594
40.742024,-73.982913 42446932
40.744498,-73.981109 42446933
40.745133,-73.980654 42446934
40.745736,-73.980208 42446935
40.760989,-73.971349 596775951
40.760418,-73.975831 42436700
40.759739,-73.974223 42436701
40.748294,-73.978344 42446942
40.759017,-73.972512 42436703
40.748921,-73.977888 42446945
40.757694,-73.969372 42436707
40.760716,-74.002071 42448996
40.750156,-73.976987 42446949
40.756766,-73.967152 42436710
40.755756,-73.964793 42436714
40.742289,-74.004432 42444909
40.751456,-73.976025 42446959
40.752116,-73.975558 42446971
40.748877,-74.006932 42430589
40.747780,-74.000438 42444928
40.752741,-73.975102 42446977
40.750178,-74.006071 42430594
40.751000,-73.990617 42437654
40.751393,-74.005184 42430600
40.744623,-73.985246 42436746
40.752015,-74.004738 42430603
40.743921,-73.983573 42436748
40.756498,-73.972362 42446991
40.742586,-73.980410 42436753
40.741034,-73.978635 42442898
40.740640,-73.975797 42436756
40.742276,-73.977726 42442902
40.742897,-73.977284 42442906
40.742839,-74.000275 42435610
40.743525,-73.976811 42442910
40.761626,-73.968640 42447007
40.762236,-73.968181 42447009
40.757060,-74.005023 247081122
40.751429,-73.973924 42449947
40.754675,-73.995377 42444964
40.746670,-73.974485 42442918
40.752413,-73.978355 42443804
40.749028,-73.980051 561042192
40.762872,-73.967709 42447020
40.757080,-74.001066 42430643
40.745830,-73.982319 4597668020
40.747920,-73.973591 42442933
40.757686,-74.000628 42430646
40.748534,-73.973144 42442935
40.749829,-73.972205 42442937
40.753717,-73.977432 42443807
40.759160,-73.988386 42432700
40.743345,-73.984130 4597668030
40.760355,-73.991227 42432703
40.742109,-73.985030 4597668032
40.744578,-73.983231 4597668033
40.761552,-73.994069 42432706
40.751748,-73.970804 42442947
40.752983,-73.969902 42442948
40.753624,-73.969431 42442949
40.759517,-73.999264 42430664
40.757827,-73.993071 42445001
40.756126,-73.967611 42442955
40.745199,-73.982778 4597668044
40.757381,-73.966702 42442957
40.758022,-73.966232 42442959
40.758640,-73.965778 42442960
40.760828,-73.998329 42430673
40.745961,-73.998000 42427427
40.765984,-73.965445 42447060
40.742544,-73.977534 4207683800
40.760986,-73.990767 42445018
40.761606,-73.990316 42445020
40.762750,-73.996925 42430685
40.763378,-73.996457 42430688
40.764112,-73.988490 42445025
40.764749,-73.988031 42445027
40.764631,-73.995545 42430694
40.764988,-73.961147 42442983
40.755870,-73.972820 42438889
40.765254,-73.995084 42430698
40.755186,-73.971194 42438891
40.767916,-73.985718 42445037
40.754251,-73.968978 42438894
40.747051,-73.981263 3786901743
40.744067,-73.987745 42434800
40.768270,-73.985459 4207837427
40.746618,-73.993813 42434807
40.767105,-73.993722 42430713
40.767741,-73.993263 42430722
40.758324,-73.968914 42449963
40.750220,-74.002320 42434821
40.752394,-74.007567 42434827
40.746580,-73.997550 42435629
40.768394,-73.992795 42430736
40.748432,-73.982473 42434948
40.767744,-73.981619 4557482266
40.770976,-73.990913 42430747
40.748427,-73.996204 42435633
40.762967,-73.973968 42432818
40.760950,-73.967032 42449971
40.762289,-73.972360 42432825
40.761571,-73.970655 42432834
40.760929,-73.969132 42432847
40.750900,-73.998155 42437688
40.760260,-73.967538 42432856
40.759310,-73.965292 42432861
40.757364,-73.960671 42432871
40.765367,-73.987575 1815133244
40.752076,-74.000984 42437693
40.753478,-73.992525 42435646
40.767699,-73.981018 4347550074
40.767243,-73.966488 42447230
40.749102,-73.984076 42434946
40.765932,-73.963388 42447235
40.755350,-73.975449 42457476
40.763990,-73.958781 42447237
40.747716,-73.980761 42434951
40.747068,-73.979238 42434954
40.747757,-74.007696 246579597
40.746382,-73.977606 42434959
40.746036,-73.976791 42434962
40.745442,-73.975394 42434965
40.745172,-73.974749 42434969
40.752690,-74.000530 42451695
40.745786,-73.982216 42449308
40.744450,-73.973024 42434974
40.744457,-73.979038 42449314
40.754155,-73.980395 42454428
40.767247,-73.986207 42431560
40.763488,-73.969216 42455113
40.753157,-73.964442 42459579
40.743470,-74.007238 42449341
40.747253,-73.975855 42426816
40.746490,-73.983896 42445899
40.744172,-74.008536 246580982
40.753628,-73.987110 42428272
40.739504,-73.984759 42446925
40.757661,-73.994815 42424789
40.747100,-73.983442 42445903
40.753922,-73.972113 42449954
40.761615,-73.972851 42443612
40.750294,-73.994845 4443775465
40.749691,-73.969789 42459636
40.749050,-73.982024 42445908
40.749590,-74.002786 42445310
40.747175,-74.000881 42427477
40.764057,-73.992242 42432598
40.758532,-73.988843 42435671
40.759787,-73.987928 42435675
40.767688,-73.981997 1825841700
40.748060,-74.007832 246579753
40.747684,-73.978788 42446941
40.764330,-73.998714 42453555
40.747765,-73.982957 42445365
40.753314,-73.964811 42453087
40.786494,-73.952412 42457660
40.746402,-73.979724 42445374
40.766714,-73.967175 596776032
40.745716,-73.978091 42445378
40.745392,-73.977327 42445382
40.758375,-73.970992 42436705
40.746458,-73.981912 561042188
40.744505,-73.975224 42445387
40.743782,-73.973512 42445390
40.743186,-73.972078 42445392
40.763428,-73.992700 42443534
40.755971,-73.976967 42445924
40.768317,-73.982225 1825841754
40.769118,-73.988561 42455643
40.745239,-73.984798 42445404
40.744535,-73.983127 42445409
40.743880,-73.981561 42445411
40.743207,-73.979951 42445413
40.759631,-73.970089 4862610026
40.768025,-73.970281 42455662
40.742883,-74.003999 42439280
40.766618,-73.966948 42455666
40.745677,-73.972120 42422899
40.744061,-74.006811 42439286
40.763366,-73.959240 42455675
40.748974,-74.003236 42453630
40.750392,-73.978811 561042197
40.766548,-73.990425 42449550
40.751419,-73.978044 561042201
40.761719,-73.982807 42440004
40.758981,-73.995943 42455751
40.748920,-74.007037 246580758
40.764839,-73.980531 42431549
40.762185,-73.993607 42455761
40.750265,-73.979154 561042195
40.746529,-73.985954 42451674
40.762978,-73.971859 42445947
40.755264,-73.975240 100522728
40.746068,-73.974927 42423020
40.751500,-73.997716 4557517549
40.753481,-73.980888 42437358
40.750865,-73.978651 3639382767
40.750610,-73.978902 3639382768
40.753098,-73.977873 3639382769
40.756036,-73.986949 42437363
40.754634,-73.975698 100522741
40.758430,-73.992631 42437368
40.759626,-73.995473 42437371
40.762069,-74.001322 42437379
40.757284,-73.978116 42443528
40.751122,-73.971263 42442943
40.762233,-73.989859 42443532
40.770097,-73.992964 2710239362
40.747128,-73.981446 561042190
40.747797,-73.980953 561042191
40.749706,-73.991563 42439440
40.748415,-73.980503 561042193
40.749648,-73.979598 561042194
40.748950,-73.979861 42449683
40.747615,-73.976697 42449685
40.750893,-73.978718 561042198
40.750834,-73.978577 561042199
40.751512,-73.978265 561042200
40.746320,-73.973642 42449689
40.745171,-73.970938 42449691
40.765574,-73.997797 42443549
40.750789,-74.005636 42430597
40.754782,-73.979938 42443556
40.759728,-73.991684 42443561
40.769271,-73.969365 42437423
40.768594,-73.967760 42437425
40.767878,-73.966027 42437428
40.767232,-73.964532 42437433
40.766557,-73.962932 42437436
40.754613,-73.973735 42446986
40.755232,-73.973272 42446987
40.765612,-73.960692 42437445
40.751577,-73.982275 42445649
40.750903,-73.980675 42445651
40.740046,-73.972702 42457940
40.750187,-73.978959 42445653
40.749539,-73.977435 42445656
40.740407,-73.979089 42442895
40.748469,-73.992463 42435420
40.760902,-73.971142 42443613
40.749101,-73.992006 42435422
40.759574,-73.968006 42443615
40.748501,-73.974970 42445664
40.747560,-73.972736 42445666
40.746934,-73.971208 42445667
40.748781,-73.969689 248708582
40.744513,-73.971236 589099881
40.745071,-73.972567 42455915
40.757747,-73.971452 42446994
40.749674,-73.995296 4443775464
40.748890,-73.969960 42455929
40.752017,-73.967684 42455932
40.753349,-73.966533 42455933
40.753876,-73.966154 42455934
40.759002,-73.970533 42446998
40.779507,-73.955581 42429334
40.745223,-74.002304 42443674
40.756377,-73.964319 42455963
40.746395,-74.005107 42443676
40.754721,-73.975907 596775840
40.756604,-73.974538 596775867
40.746038,-73.990518 42430282
40.757223,-73.974088 596775870
40.757852,-73.973630 596775876
40.744107,-73.976371 42442913
40.750311,-73.991121 4461990857
40.755973,-73.974997 596775882
40.764871,-73.998053 62915531
40.746004,-73.994262 42439842
40.763582,-73.969438 596775892
40.759104,-73.972719 596775900
40.761040,-73.975373 42450426
40.749566,-73.979407 42453986
40.760357,-73.971809 596775907
40.758981,-73.962432 42456041
40.758475,-73.973177 596775914
40.749748,-73.969931 42445804
40.742228,-73.997007 42427374
40.747879,-73.975426 42453999
40.743427,-73.999852 42427381
40.746942,-73.973193 42454006
40.755789,-74.001996 42430633
40.744640,-74.002732 42427386
40.745816,-74.005535 42427390
40.761658,-73.970862 596775935
40.762345,-73.970363 596775941
40.743822,-73.979497 42449926
40.745051,-73.978594 42449928
40.740321,-73.973104 4274141356
40.762970,-73.969902 596775946
40.748439,-73.984560 42437644
40.741080,-74.001555 42435599
40.748320,-73.970708 593886226
40.741668,-74.001129 42435603
40.749465,-73.975352 42449942
40.750764,-73.974408 42449945
40.765309,-73.991329 42454042
40.766089,-73.967637 596775963
40.752054,-73.973471 42449948
40.742211,-73.989096 42427421
40.753406,-73.996324 42437663
40.754349,-73.976974 42443810
40.755600,-73.976060 42443811
40.755818,-73.970736 42449956
40.767975,-73.966256 596775973
40.754586,-73.999148 42437670
40.745295,-73.998485 42435624
40.757063,-73.969831 42449961
40.767339,-73.966716 596775979
40.747895,-73.971275 593886253
40.748852,-73.975797 42445661
40.747198,-73.997099 42435632
40.764837,-73.968543 596775985
40.747296,-73.974044 42442931
40.760253,-73.969624 42443614
40.745921,-73.986393 42437686
40.742139,-73.987058 42445879
40.762293,-73.974457 42431544
40.762186,-73.966116 42449979
40.752196,-73.993460 42435644
40.752858,-73.992976 42435645
40.763432,-73.965214 42449982
40.755405,-73.979483 42432693
40.744005,-73.985698 42445888
40.765309,-73.963843 42449985
40.754091,-73.992079 42435650
40.750959,-73.982724 42433604
40.764105,-73.966813 42447030
40.755330,-73.991177 42435654
40.745856,-73.984348 42445896
40.753517,-73.988787 42433611
40.753273,-74.003806 42430607
40.757632,-73.963415 42443618
40.757233,-73.989791 42435663
40.760269,-73.971602 42448338
40.768596,-73.965805 596776017
40.757911,-73.989291 42435668
40.749669,-73.981567 42445909
40.750282,-73.981123 42445910
40.756532,-73.994018 42444985
40.751521,-73.980221 42445914
40.748355,-74.003684 42427483
40.752802,-73.979286 42445916
40.753481,-73.978783 42445917
40.754100,-73.978332 42445920
40.750494,-73.971713 42442939
40.762294,-73.986101 42435684
40.756606,-73.976504 42445926
40.762916,-73.985648 42435687
40.757860,-73.975591 42445928
40.759110,-73.974683 42445930
40.760364,-73.973766 42445936
40.768445,-73.989049 42431563
40.763528,-73.985202 42435702
40.764160,-73.984741 42435705
40.744768,-74.008436 246580346
40.764798,-73.984269 42435707
40.763598,-73.971404 42445950
40.764220,-73.970954 42445953
40.766715,-73.982878 42435714
40.767405,-73.982399 42435716
40.762251,-73.970142 42456598
40.765466,-73.970042 42445961
40.743391,-73.986146 42445885
40.752317,-73.985947 42430317
40.756032,-73.979024 42434072
40.767345,-73.968670 42445972
40.739881,-73.998713 42439830
40.797939,-73.940027 42450071
40.767967,-73.968215 42445976
40.742811,-73.996580 42439836
40.768108,-73.993000 4207854750
40.745383,-73.994709 42439840
40.767394,-73.970728 42431649
40.766719,-73.969127 42431650
40.765993,-73.967410 42431652
40.765357,-73.965900 42431654
40.764682,-73.964299 42431656
40.763738,-73.962062 42431659
40.750341,-73.983180 42443950
40.763113,-73.962515 42429981
40.754877,-73.968520 42442952
40.769226,-73.967303 42431674
40.768499,-73.965576 42431677
40.767864,-73.964074 42431678
40.767188,-73.962472 42431680
40.766242,-73.960231 42431681
40.743965,-73.983678 4597668043
40.756488,-73.997761 42443975
40.738506,-73.991796 42429657
40.749981,-74.006211 246580444
40.748336,-73.980310 42458333
40.743476,-74.003581 42429663
40.748409,-73.999978 42444933
40.755051,-73.986659 42428283
40.761555,-73.966576 4288677093
40.759990,-73.964797 42442961
40.754842,-73.984118 42430333
40.749541,-74.006569 246580466
40.762498,-73.962983 42442963
40.755277,-73.994929 4491359481
40.743065,-74.008752 246648063
40.744099,-73.995645 42437890
40.751067,-73.998033 358448394
40.754728,-73.977875 42444043
40.743261,-73.982012 42436751
40.759636,-73.963997 42423565
40.751659,-73.990134 42439952
40.753367,-73.974648 42444049
40.752289,-73.989688 42439955
40.746508,-74.001369 42437909
40.750755,-73.968414 42444055
40.752895,-73.989243 42439960
40.747690,-74.004168 42437914
40.754130,-73.988335 42439964
40.754755,-73.987888 42439968
40.755373,-73.987447 42439972
40.760409,-73.987475 42435677
40.742728,-73.984579 4597668031
40.766607,-73.964989 42447069
40.757340,-73.986013 42439984
40.758587,-73.985087 42439990
40.759210,-73.984630 42439994
40.759841,-73.984174 42439996
40.758370,-73.994394 42434434
40.761095,-73.983250 42440001
40.766032,-73.983377 42431556
40.758387,-73.972970 42452875
40.786602,-73.952668 596776260
40.764365,-73.961608 42442977
40.762334,-73.982357 42440009
40.762965,-73.981898 42440012
40.763595,-73.981433 42440015
40.741056,-73.997862 42429661
40.764004,-73.996005 42430691
40.770056,-73.990780 4215913814
40.766213,-73.979532 42440025
40.744678,-73.987301 42438544
40.756516,-73.974330 42438886
40.767429,-73.996430 42453564
40.759913,-73.958809 42427965
40.763659,-73.973465 42427762
40.754689,-74.000901 3270030707
40.763933,-73.974111 42427764
40.765994,-73.987125 42445033
40.766876,-73.979076 42423674
40.759043,-73.998092 427804029
40.756654,-73.978566 42452353
40.745301,-73.986846 42427786
40.746046,-73.988620 42427787
40.762803,-73.993156 42452365
40.746659,-73.990067 42427797
40.747596,-73.970901 3834459548
40.747855,-73.992911 42427805
40.765886,-73.994636 42430704
40.761142,-73.979517 42430363
40.749052,-73.995749 42427812
40.750257,-73.998626 42427817
40.764577,-73.973625 4347534767
40.746309,-73.971667 42454010
40.743451,-73.988194 42429874
40.766505,-73.994173 42430707
40.742771,-73.986598 42429876
40.743300,-73.984024 42446266
40.761771,-73.979057 42430367
40.762877,-73.969681 42448317
40.742644,-73.982463 42446270
40.764898,-73.972553 4347534783
40.742064,-73.984923 42429888
40.747168,-73.985492 42443680
40.741968,-73.980856 42446275
40.762079,-73.961989 42423752
40.761441,-73.962423 593300940
40.751780,-74.008016 4899886546
40.758538,-73.977201 42440153
40.745798,-73.974306 42454495
40.740110,-73.982202 4138911201
40.763490,-73.988943 42440163
40.752208,-73.999384 427840998
40.764686,-73.991785 42440170
40.745156,-73.982675 42456568
40.742683,-73.984473 42454522
40.758954,-73.968457 42448379
40.767183,-73.989962 42450434
40.755886,-73.974788 42448811
40.757008,-73.963871 42448390
40.759787,-73.976289 42446353
40.766767,-73.971189 42429970
40.766091,-73.969585 42429971
40.765374,-73.967860 42429974
40.764732,-73.966359 42429976
40.755354,-73.977417 42434074
40.765915,-73.990887 42446363
40.764057,-73.964756 42429980
40.754974,-73.976516 42434077
40.758313,-73.962922 2711029280
40.759640,-73.972060 42456611
40.753994,-73.974190 42434085
40.752241,-73.999466 427841062
40.753309,-73.972559 42434087
40.752379,-73.970341 42434090
40.751371,-73.967976 42434092
40.751841,-73.999687 427841071
40.751941,-73.999556 427841073
40.768042,-73.995955 42446386
40.750522,-73.999254 2703228467
40.750386,-74.008483 246580797
40.761162,-73.957928 42427970
40.761796,-73.957453 42427972
40.752139,-73.979770 42432438
40.758976,-73.964501 42423564
40.763667,-73.956084 42427985
40.764296,-73.955624 42427991
40.749651,-73.999069 42438672
40.766143,-73.971648 42456683
40.752682,-73.973014 42444051
40.747988,-73.970515 3831856757
40.752906,-73.966920 3831856758
40.764279,-73.973015 42440313
40.758037,-73.960182 42454660
40.751949,-74.000685 1701844618
40.754568,-74.006842 246650510
40.752197,-73.981822 42446488
40.755157,-74.000504 3270031002
40.754707,-73.991633 42433620
40.758839,-73.997596 42446506
40.763618,-73.998969 62915527
40.766208,-73.997348 42432605
40.756017,-74.000461 3270031029
40.756405,-73.999455 3270031030
40.756597,-73.999903 3270031031
40.749324,-73.969431 595105472
40.754267,-73.963196 370927297
40.743568,-73.992318 42427423
40.751541,-73.967855 595105485
40.752701,-73.967209 595105496
40.748049,-73.970342 1701844698
40.753255,-73.966596 595105499
40.740880,-73.990070 42434268
40.743431,-73.996129 42434270
40.744630,-73.998972 42434271
40.745855,-74.001859 42434279
40.757232,-73.976045 42438881
40.747023,-74.004653 42434285
40.765901,-73.963410 5542680310
40.765794,-73.963060 5542680312
40.765694,-73.963073 5542680313
40.747842,-73.970566 595105531
40.759165,-73.976744 42440452
40.758486,-73.975135 42440453
40.757764,-73.973423 42440456
40.757125,-73.971907 42440459
40.748406,-73.970915 42432540
40.756710,-73.986458 42439981
40.755504,-73.968065 42440465
40.754505,-73.965697 42440469
40.753935,-73.964347 42440472
40.760613,-73.964345 42424089
40.753800,-73.964020 42440476
40.761233,-73.963905 42424098
40.744765,-73.995159 42427426
40.751838,-73.967444 595105581
40.743042,-73.989159 42428212
40.752509,-73.966908 595105589
40.743796,-73.989011 42428216
40.741617,-73.993739 42430265
40.744533,-73.988869 42428220
40.745286,-73.988729 42428223
40.744186,-73.991871 42430274
40.746809,-73.988480 42428227
40.744807,-73.991415 42430277
40.745421,-73.990968 42430279
40.747551,-73.988332 42428232
40.748290,-73.988195 42428234
40.746995,-73.977146 42449932
40.749007,-73.988008 42428239
40.747277,-73.989617 42430288
40.747896,-73.989157 42430292
40.748504,-73.988708 42430295
40.749116,-73.988265 42430298
40.750684,-73.987825 42428253
40.749792,-73.987765 42430304
40.751443,-73.987662 42428258
40.750458,-73.987289 42430308
40.751088,-73.986824 42430311
40.752184,-73.987523 42428264
40.761037,-73.987018 42435680
40.751700,-73.986399 42430314
40.752900,-73.987318 42428268
40.747773,-73.985046 42446701
40.756440,-73.970284 42440463
40.752935,-73.985488 42430320
40.753558,-73.985040 42430324
40.754331,-73.986886 42428277
40.756059,-73.961622 42440566
40.756681,-73.961163 42440567
40.754177,-73.984596 42430329
40.753945,-73.997618 42434427
40.755211,-73.996661 42434429
40.745770,-73.970436 42450814
40.755814,-73.986417 42428287
40.755516,-73.983624 42430338
40.756142,-73.983167 42430342
40.758979,-73.993936 42434439
40.756771,-73.982712 42430344
40.757963,-73.985534 42428297
40.757390,-73.982254 42430347
40.758016,-73.981797 42430350
40.758645,-73.981341 42430352
40.755130,-73.965250 42452882
40.747236,-73.993362 42438547
40.759274,-73.980883 42430356
40.759911,-73.980418 42430358
40.760525,-73.979972 42430361
40.759727,-73.972267 596775919
40.765518,-73.972099 42436510
40.764842,-73.970497 42436511
40.751323,-73.999149 42434465
40.764118,-73.968767 42436514
40.762396,-73.978601 42430371
40.763482,-73.967271 42436516
40.762808,-73.965666 42436519
40.763646,-73.977685 42430378
40.749670,-74.006383 246580595
40.754561,-73.971649 42448813
40.761867,-73.963438 42436527
40.764324,-73.977196 42430384
40.752814,-73.981372 42432436
40.765028,-73.976680 42430390
40.746401,-73.981775 3786901738
40.765671,-73.976221 42430394
40.750775,-73.976535 42432444
40.750088,-73.974899 42432451
40.750353,-73.987034 4886239172
40.749737,-73.974068 42432458
40.749157,-73.972692 42432464
40.744778,-73.975879 5131026388
40.757135,-73.973881 42459098
40.766826,-73.996884 42440253
40.764742,-73.968318 42459114
40.765469,-73.968085 596775998
40.749724,-73.983621 42452973
40.755873,-73.998209 42452975
40.764212,-73.968990 596775930
40.741344,-73.981306 42449918
