42.364390,-71.052353 61552645
42.357809,-71.051928 515465224
42.361557,-71.053922 61358091
42.359408,-71.063957 61358094
42.359532,-71.052435 515465236
42.363660,-71.062082 61362200
42.363328,-71.060738 61362203
42.353160,-71.060721 61341725
42.364507,-71.062935 61421606
42.365013,-71.054079 61517867
42.365114,-71.053984 61517872
42.359178,-71.050891 61476915
42.357377,-71.070548 61470777
42.353667,-71.053631 61341764
42.363423,-71.066915 61339720
42.353493,-71.071490 61341774
42.354648,-71.072069 61341785
42.354017,-71.074420 61341786
42.363649,-71.061009 61339739
42.363457,-71.061322 61339741
42.363096,-71.054075 61339761
42.363310,-71.053827 61339763
42.364648,-71.067096 61339774
42.361247,-71.060952 61430123
42.365242,-71.058391 661035147
42.363377,-71.063611 61352271
42.352917,-71.056257 61381868
42.364754,-71.058379 661035169
42.363985,-71.060477 61339810
42.363481,-71.051910 61339813
42.363676,-71.052120 61339815
42.365184,-71.064348 1047230634
42.364196,-71.051789 61339825
42.364289,-71.058447 661035203
42.362792,-71.051929 61350092
42.363181,-71.051587 61350102
42.362628,-71.051005 61350104
42.365462,-71.058395 661035243
42.361117,-71.055524 61339916
42.361393,-71.055313 2095827214
42.352484,-71.061425 61354256
42.361432,-71.054905 2095827217
42.360647,-71.066995 61348122
42.360650,-71.066930 61348123
42.358058,-71.052273 61431178
42.361109,-71.067856 61339938
42.360310,-71.067801 61339940
42.363753,-71.051063 61352231
42.359667,-71.054397 61557032
42.360339,-71.066378 61339946
42.360332,-71.066906 61339948
42.364123,-71.055563 61352240
42.364010,-71.063423 2018601011
42.362060,-71.054919 61436212
42.362176,-71.062269 61352245
42.358832,-71.068695 61339958
42.358844,-71.067672 61339960
42.363641,-71.054661 61352249
42.361565,-71.055182 61436218
42.366413,-71.057345 61352251
42.354348,-71.061732 61468989
42.361731,-71.079238 2517602625
42.362508,-71.070703 61339971
42.357848,-71.069857 61509958
42.362179,-71.067902 1196524257
42.362174,-71.063800 61352265
42.361229,-71.053295 61339981
42.360931,-71.052795 61339983
42.360956,-71.070905 61372757
42.357069,-71.071849 61499734
42.364265,-71.066347 61352279
42.363424,-71.066558 61352282
42.357971,-71.053011 61362539
42.357760,-71.052466 61362541
42.363477,-71.064061 61430129
42.359059,-71.055442 61493631
42.357081,-71.072224 61353366
42.359282,-71.068604 61340039
42.359118,-71.068604 61340043
42.366002,-71.060224 61350637
42.355533,-71.072190 1038913936
42.359567,-71.066843 61344149
42.360300,-71.068687 61344151
42.359544,-71.067725 61344153
42.359347,-71.065039 61340059
42.358839,-71.065082 61340061
42.359578,-71.066358 61344160
42.355574,-71.050922 61552712
42.354047,-71.052873 61604278
42.359539,-71.068617 61344199
42.358971,-71.055908 61376968
42.355236,-71.054027 61348302
42.356123,-71.071466 61587919
42.362195,-71.066870 61356500
42.358837,-71.056792 61376981
42.359249,-71.054266 61376986
42.359106,-71.062448 61483487
42.359266,-71.054074 61376993
42.365470,-71.064637 597033442
42.350958,-71.063001 2500913635
42.361237,-71.066362 3483953639
42.363893,-71.063375 1831651816
42.357165,-71.065086 61356529
42.357670,-71.065093 61356534
42.358340,-71.065080 61356535
42.358041,-71.065095 61356537
42.356608,-71.053929 61348350
42.357684,-71.054421 61516885
42.356949,-71.053275 61348355
42.358799,-71.070311 61354512
42.358823,-71.068983 61354513
42.358771,-71.071715 61354514
42.361234,-71.066856 61379091
42.365565,-71.052951 61358617
42.361535,-71.057590 61352474
42.362480,-71.058376 61352485
42.366167,-71.054900 61356589
42.365212,-71.055486 61356592
42.365886,-71.055089 61356594
42.364819,-71.062278 3536413237
42.363556,-71.058984 61377085
42.361118,-71.066959 61350471
42.352513,-71.059397 61588040
42.352803,-71.059442 61588044
42.364674,-71.053176 61354576
42.363936,-71.053089 61354580
42.364054,-71.053431 61354582
42.357420,-71.058337 61354584
42.363631,-71.053635 61354587
42.358000,-71.060461 61354590
42.357697,-71.059360 61354591
42.352508,-71.061142 61385322
42.362152,-71.056507 61436523
42.360387,-71.056709 61370131
42.355737,-71.058914 5359733366
42.363206,-71.056947 61436538
42.363062,-71.059704 61356671
42.361589,-71.056925 61358721
42.366383,-71.067577 61385351
42.362017,-71.056740 61436554
42.354090,-71.058622 61469330
42.357584,-71.056413 61422230
42.362545,-71.055814 61436571
42.364368,-71.058209 1539009201
42.356060,-71.073080 61360827
42.353346,-71.057391 4257870529
42.362829,-71.056315 61436618
42.356068,-71.054886 61348303
42.356007,-71.070176 1038913931
42.354773,-71.051428 61377248
42.357225,-71.057834 61567713
42.364127,-71.056657 61520621
42.354362,-71.053673 61496055
42.363879,-71.058429 61473920
42.353381,-71.059852 1196976901
42.356740,-71.057821 61567761
42.361025,-71.070041 61367087
42.359182,-71.061678 61483482
42.357650,-71.055290 61350688
42.357203,-71.055109 61350690
42.356357,-71.072934 61341177
42.354530,-71.053345 61496106
42.360628,-71.069427 61367083
42.361077,-71.069461 61367084
42.361091,-71.068763 61367086
42.357580,-71.057332 61365039
42.363880,-71.055682 61492020
42.354950,-71.054338 61424442
42.365307,-71.057415 61352766
42.365875,-71.057485 61352769
42.357905,-71.062749 61340482
42.357707,-71.063236 61340485
42.358819,-71.057832 61340487
42.357781,-71.070284 61340495
42.362381,-71.053162 3763104593
42.355627,-71.055689 61365083
42.358845,-71.057136 61365050
42.364807,-71.056059 61518690
42.356260,-71.071522 61465446
42.353338,-71.048880 996932473
42.366976,-71.067909 61436796
42.354138,-71.054107 61385597
42.360267,-71.070038 61340545
42.364402,-71.057764 61430664
42.365286,-71.057852 61430666
42.359615,-71.062839 61340555
42.359466,-71.063060 61340557
42.362172,-71.068627 61580180
42.357094,-71.069471 61363096
42.357648,-71.053229 61365145
42.358265,-71.052810 61365147
42.358770,-71.072308 61455260
42.359448,-71.072118 61455261
42.357051,-71.060363 61365154
42.361472,-71.057730 4728009636
42.356788,-71.056761 61340585
42.365722,-71.056364 61410219
42.358337,-71.054208 61490098
42.361157,-71.064153 1522224052
42.361129,-71.066003 1522224055
42.365890,-71.057253 61410235
42.354654,-71.054661 61486013
42.363917,-71.063468 2925341631
42.364465,-71.056689 61410246
42.356746,-71.058060 61340615
42.365331,-71.056767 61410252
42.355503,-71.056529 61340621
42.365009,-71.053835 61367252
42.365616,-71.056805 61410262
42.364766,-71.054097 61367255
42.361137,-71.065156 1522224088
42.358275,-71.061496 61340636
42.361286,-71.063829 1522224093
42.357663,-71.058094 61340497
42.358007,-71.068515 61340652
42.363399,-71.063714 1522224118
42.357436,-71.052676 61348351
42.358810,-71.069936 61340671
42.358729,-71.053687 1195629571
42.363725,-71.058397 61473806
42.358307,-71.066284 61340689
42.361307,-71.062865 1522224147
42.357831,-71.066103 61340695
42.360900,-71.061317 61361176
42.357418,-71.067937 61469721
42.361010,-71.061229 1522224154
42.365883,-71.063895 2656961563
42.364171,-71.054654 61367327
42.357896,-71.069477 61340704
42.363962,-71.054310 61367330
42.356044,-71.053215 61353027
42.357337,-71.054901 61353031
42.362239,-71.051062 61428809
42.357427,-71.071994 61469771
42.360567,-71.053240 2095799378
42.365439,-71.069164 61602900
42.356680,-71.050768 1989248085
42.360509,-71.053155 61445208
42.360721,-71.055893 1196431205
42.359055,-71.056958 1047219387
42.356738,-71.053086 61499470
42.355739,-71.071311 61340786
42.356105,-71.069855 61340799
42.352665,-71.064472 4260967552
42.362194,-71.063911 1522224274
42.364287,-71.069783 1522515139
42.355639,-71.062912 61340829
42.362771,-71.057507 61410462
42.359427,-71.063561 2034744517
42.357444,-71.053779 61363364
42.357700,-71.053366 61363366
42.358468,-71.053282 61510824
42.361697,-71.057304 61363376
42.361278,-71.055824 61510836
42.365210,-71.061871 1047219383
42.358856,-71.053195 61359291
42.351946,-71.070712 61371580
42.362194,-71.066993 1522515136
42.363915,-71.067514 1522515137
42.364320,-71.053919 61410498
42.361166,-71.063817 1522224323
42.359325,-71.065961 61385925
42.365498,-71.055956 61410504
42.361232,-71.066972 1522515145
42.359306,-71.066830 61385930
42.362017,-71.052609 61359307
42.366389,-71.059463 61359310
42.364696,-71.062579 1047219408
42.363421,-71.067031 1522515158
42.365545,-71.061245 1047219415
42.364002,-71.067480 1522515161
42.362673,-71.054046 61363420
42.362232,-71.052938 61359333
42.359061,-71.051639 61445353
42.364827,-71.051065 61349099
42.353231,-71.056869 61445356
42.355247,-71.052069 61359354
42.349727,-71.086934 61359356
42.362930,-71.055326 61515023
42.362796,-71.055067 61515025
42.361290,-71.063716 1522224402
42.365806,-71.060735 1047219417
42.363838,-71.057243 4723483931
42.356554,-71.052300 61373729
42.357886,-71.051349 367017256
42.355353,-71.050320 61586735
42.352586,-71.055438 2601430320
42.356751,-71.057323 61340552
42.364434,-71.057319 61355571
42.355463,-71.072492 1132438843
42.365726,-71.057891 61515068
42.366413,-71.054724 61588800
42.358947,-71.052263 61359425
42.358071,-71.064714 61515075
42.358805,-71.053800 61359428
42.358023,-71.050302 1097411913
42.361183,-71.062882 1522224470
42.361168,-71.063724 1522224471
42.359345,-71.062875 1522224472
42.362817,-71.054303 61355401
42.365394,-71.056770 4110536074
42.352836,-71.067617 61353358
42.363993,-71.051072 61349266
42.363174,-71.059598 61474198
42.356208,-71.069440 61353368
42.357155,-71.071884 61353371
42.356425,-71.052806 61375931
42.356902,-71.055750 61363787
42.357714,-71.064642 61365707
42.357366,-71.061074 61365156
42.363483,-71.052777 61449690
42.357990,-71.055445 61425231
42.367188,-71.052507 61349114
42.366366,-71.058479 4257820130
42.363698,-71.055368 61365733
42.363404,-71.054891 61365734
42.358649,-71.054373 61365739
42.356801,-71.060432 61353453
42.356709,-71.060238 61353455
42.362920,-71.051494 2095840760
42.360063,-71.065570 61365753
42.356511,-71.061982 61341178
42.357292,-71.072654 61341179
42.360069,-71.065079 61365756
42.356453,-71.070043 61341187
42.356624,-71.071669 61341189
42.358044,-71.056544 417625610
42.356921,-71.070284 61341197
42.357001,-71.065792 61341202
42.361399,-71.070593 61365779
42.356698,-71.069703 61341204
42.356593,-71.067615 61341207
42.359769,-71.050931 61355547
42.359631,-71.051804 61355548
42.357018,-71.069875 61341216
42.364362,-71.055555 61468193
42.364779,-71.053461 61468198
42.357933,-71.055094 61425196
42.355570,-71.072040 61341230
42.359340,-71.053543 61355567
42.357802,-71.055361 61425203
42.363836,-71.057263 61355572
42.363871,-71.056639 61355573
42.364109,-71.068579 1530590776
42.363814,-71.057673 61355577
42.358248,-71.055567 61425213
42.364782,-71.068324 1530590786
42.363594,-71.055866 61355588
42.364021,-71.068612 1530590792
42.365283,-71.053066 61468234
42.353625,-71.056190 61515339
42.363568,-71.062106 1522390606
42.357174,-71.061273 61353551
42.363391,-71.061425 1522390610
42.363377,-71.057199 61425237
42.364937,-71.051788 61468249
42.356824,-71.056328 61363805
42.359370,-71.053348 61576799
42.363986,-71.063332 2925341627
42.361284,-71.057080 61425256
42.359062,-71.062891 1196537461
42.354483,-71.059138 61376119
42.361129,-71.066383 61339944
42.360273,-71.057157 1047223931
42.362424,-71.058525 1047223933
42.363005,-71.059944 1047228030
42.364220,-71.063271 1047228032
42.353337,-71.057880 61341313
42.353864,-71.062191 61494915
42.353675,-71.058025 61355653
42.353297,-71.063799 61341318
42.359291,-71.067707 61466247
42.356079,-71.072288 61341327
42.359494,-71.070128 61490848
42.357280,-71.052249 61453991
42.357310,-71.052328 61453997
42.356685,-71.051520 61454004
42.353325,-71.053273 4257879733
42.359096,-71.058945 61519547
42.359000,-71.058625 61519549
42.357158,-71.051636 61454016
42.364634,-71.059427 61445826
42.364892,-71.058983 61445832
42.359319,-71.066354 1740996297
42.359352,-71.064385 61466317
42.361683,-71.051924 2095827236
42.361920,-71.056911 61519824
42.355439,-71.057342 61341410
42.356983,-71.058765 2379615975
42.358669,-71.052184 61374187
42.355452,-71.058039 61341422
42.356805,-71.052404 61373736
42.355143,-71.063361 61341429
42.354825,-71.062654 61341430
42.358766,-71.051560 61374205
42.365766,-71.054258 61425407
42.365089,-71.053176 61425408
42.365529,-71.054570 61425412
42.361148,-71.064558 1522224086
42.359204,-71.054650 61376975
42.360231,-71.057302 1047223939
42.357355,-71.068242 61353748
42.357166,-71.069106 61353750
42.357977,-71.068787 61509936
42.353524,-71.057801 61355654
42.360823,-71.053716 61374253
42.358788,-71.070722 61339955
42.364740,-71.055527 61359925
42.357696,-71.070707 61362484
42.359472,-71.070761 61339957
42.365342,-71.051104 2095904736
42.365512,-71.056624 2684409669
42.355140,-71.057498 61353800
42.365261,-71.051766 61495118
42.358106,-71.071001 61362488
42.365301,-71.064130 61357906
42.356429,-71.060782 61521753
42.368226,-71.056643 61347675
42.353471,-71.061334 61501279
42.366193,-71.055522 61343586
42.361201,-71.068730 61374307
42.358148,-71.055521 1195530084
42.361223,-71.067856 61374309
42.358150,-71.055204 1195530095
42.364353,-71.059876 61343603
42.365455,-71.061152 61364088
42.365126,-71.061777 61364092
42.357975,-71.053997 61496641
42.357107,-71.067819 1798698906
42.360181,-71.048338 61425564
42.349368,-71.086815 61355935
42.364374,-71.069741 61339975
42.353609,-71.060296 61341614
42.353846,-71.071676 61501392
42.366124,-71.051274 2095904725
42.365247,-71.049357 2095904731
42.359505,-71.069743 61605853
42.367240,-71.067098 61437920
42.362529,-71.052604 61517803
42.364206,-71.052652 61552637
