42.364390,-71.052353 NORTHWEST 42.364674,-71.053176
42.364390,-71.052353 SOUTHEAST 42.364196,-71.051789
42.364390,-71.052353 SOUTHWEST 42.364206,-71.052652
42.357809,-71.051928 SOUTH 42.357158,-71.051636
42.357809,-71.051928 EAST 42.357886,-71.051349
42.357809,-71.051928 NORTHWEST 42.358058,-71.052273
42.357809,-71.051928 NORTH 42.358669,-71.052184
42.361557,-71.053922 NORTHEAST 42.362381,-71.053162
42.361557,-71.053922 NORTHWEST 42.362060,-71.054919
42.361557,-71.053922 SOUTHEAST 42.361229,-71.053295
42.359408,-71.063957 NORTH 42.361157,-71.064153
42.359408,-71.063957 EAST 42.359427,-71.063561
42.359408,-71.063957 WEST 42.359352,-71.064385
42.359532,-71.052435 NORTHWEST 42.360509,-71.053155
42.359532,-71.052435 SOUTH 42.358947,-71.052263
42.359532,-71.052435 EAST 42.359631,-71.051804
42.359532,-71.052435 WEST 42.359370,-71.053348
42.363660,-71.062082 WEST 42.363986,-71.063332
42.363660,-71.062082 NORTHWEST 42.364507,-71.062935
42.363660,-71.062082 SOUTH 42.363568,-71.062106
42.363660,-71.062082 EAST 42.363457,-71.061322
42.363328,-71.060738 NORTHWEST 42.363649,-71.061009
42.363328,-71.060738 WEST 42.363457,-71.061322
42.363328,-71.060738 EAST 42.363062,-71.059704
42.353160,-71.060721 SOUTHWEST 42.352508,-71.061142
42.353160,-71.060721 EAST 42.352803,-71.059442
42.353160,-71.060721 NORTHEAST 42.353609,-71.060296
42.353160,-71.060721 NORTHWEST 42.353471,-71.061334
42.364507,-71.062935 SOUTHWEST 42.364220,-71.063271
42.364507,-71.062935 SOUTHEAST 42.363660,-71.062082
42.364507,-71.062935 NORTHEAST 42.364696,-71.062579
42.365013,-71.054079 NORTHEAST 42.365114,-71.053984
42.365114,-71.053984 NORTHWEST 42.365529,-71.054570
42.365114,-71.053984 SOUTHWEST 42.365013,-71.054079
42.365114,-71.053984 SOUTHEAST 42.365009,-71.053835
42.359178,-71.050891 WEST 42.359061,-71.051639
42.359178,-71.050891 NORTH 42.359769,-71.050931
42.359178,-71.050891 SOUTHWEST 42.358766,-71.051560
42.357377,-71.070548 NORTH 42.357696,-71.070707
42.357377,-71.070548 SOUTHEAST 42.356921,-71.070284
42.357377,-71.070548 WEST 42.357069,-71.071849
42.353667,-71.053631 SOUTHWEST 42.352586,-71.055438
42.353667,-71.053631 SOUTHEAST 42.353325,-71.053273
42.353667,-71.053631 NORTHEAST 42.354047,-71.052873
42.353667,-71.053631 NORTHWEST 42.354138,-71.054107
42.363423,-71.066915 NORTHWEST 42.364002,-71.067480
42.363423,-71.066915 EAST 42.363424,-71.066558
42.363423,-71.066915 SOUTH 42.362195,-71.066870
42.363423,-71.066915 WEST 42.363421,-71.067031
42.353493,-71.071490 NORTH 42.353846,-71.071676
42.353493,-71.071490 SOUTH 42.351946,-71.070712
42.353493,-71.071490 WEST 42.349368,-71.086815
42.354648,-71.072069 NORTH 42.355533,-71.072190
42.354648,-71.072069 SOUTH 42.353846,-71.071676
42.354648,-71.072069 WEST 42.354017,-71.074420
42.354017,-71.074420 EAST 42.354648,-71.072069
42.363649,-71.061009 NORTHEAST 42.363985,-71.060477
42.363649,-71.061009 SOUTHEAST 42.363328,-71.060738
42.363649,-71.061009 NORTHWEST 42.364819,-71.062278
42.363649,-71.061009 SOUTHWEST 42.363457,-71.061322
42.363457,-71.061322 WEST 42.363660,-71.062082
42.363457,-71.061322 SOUTHWEST 42.363391,-71.061425
42.363457,-71.061322 NORTHEAST 42.363649,-71.061009
42.363457,-71.061322 EAST 42.363328,-71.060738
42.363096,-71.054075 SOUTHWEST 42.362817,-71.054303
42.363096,-71.054075 NORTHEAST 42.363310,-71.053827
42.363096,-71.054075 NORTHWEST 42.363641,-71.054661
42.363096,-71.054075 SOUTHEAST 42.362381,-71.053162
42.363310,-71.053827 SOUTHWEST 42.363096,-71.054075
42.363310,-71.053827 EAST 42.363483,-71.052777
42.363310,-71.053827 NORTHEAST 42.363631,-71.053635
42.364648,-71.067096 SOUTHWEST 42.364002,-71.067480
42.361247,-71.060952 SOUTHWEST 42.361010,-71.061229
42.361247,-71.060952 NORTHEAST 42.362424,-71.058525
42.361247,-71.060952 NORTHWEST 42.362176,-71.062269
42.365242,-71.058391 SOUTHWEST 42.364892,-71.058983
42.365242,-71.058391 SOUTH 42.364754,-71.058379
42.365242,-71.058391 EAST 42.365286,-71.057852
42.365242,-71.058391 NORTH 42.365462,-71.058395
42.363377,-71.063611 NORTH 42.363893,-71.063375
42.363377,-71.063611 SOUTH 42.362174,-71.063800
42.363377,-71.063611 WEST 42.363399,-71.063714
42.352917,-71.056257 NORTHEAST 42.354138,-71.054107
42.364754,-71.058379 SOUTH 42.364368,-71.058209
42.364754,-71.058379 SOUTH 42.364289,-71.058447
42.364754,-71.058379 NORTH 42.365242,-71.058391
42.363985,-71.060477 NORTHEAST 42.364353,-71.059876
42.363985,-71.060477 SOUTHWEST 42.363649,-71.061009
42.363985,-71.060477 NORTHWEST 42.365126,-71.061777
42.363985,-71.060477 SOUTHEAST 42.363174,-71.059598
42.363481,-71.051910 SOUTHWEST 42.362381,-71.053162
42.363481,-71.051910 SOUTHEAST 42.363181,-71.051587
42.363481,-71.051910 NORTHWEST 42.363676,-71.052120
42.363676,-71.052120 NORTHEAST 42.364196,-71.051789
42.363676,-71.052120 WEST 42.363483,-71.052777
42.363676,-71.052120 NORTHWEST 42.364206,-71.052652
42.363676,-71.052120 SOUTHEAST 42.363481,-71.051910
42.365184,-71.064348 NORTHWEST 42.365470,-71.064637
42.365184,-71.064348 SOUTHEAST 42.364010,-71.063423
42.365184,-71.064348 NORTHEAST 42.365301,-71.064130
42.364196,-71.051789 NORTH 42.364937,-71.051788
42.364196,-71.051789 EAST 42.363993,-71.051072
42.364196,-71.051789 NORTHWEST 42.364390,-71.052353
42.364196,-71.051789 SOUTHWEST 42.363676,-71.052120
42.364289,-71.058447 SOUTH 42.363879,-71.058429
42.364289,-71.058447 NORTHWEST 42.364892,-71.058983
42.364289,-71.058447 NORTH 42.364754,-71.058379
42.362792,-71.051929 SOUTHEAST 42.362239,-71.051062
42.362792,-71.051929 SOUTHWEST 42.362017,-71.052609
42.362792,-71.051929 NORTHEAST 42.363181,-71.051587
42.363181,-71.051587 SOUTHWEST 42.362792,-71.051929
42.363181,-71.051587 NORTHWEST 42.363481,-71.051910
42.363181,-71.051587 NORTHEAST 42.363753,-71.051063
42.362628,-71.051005 NORTHWEST 42.362920,-71.051494
42.362628,-71.051005 SOUTH 42.362239,-71.051062
42.362628,-71.051005 NORTH 42.363753,-71.051063
42.365462,-71.058395 NORTH 42.366366,-71.058479
42.365462,-71.058395 SOUTH 42.365242,-71.058391
42.365462,-71.058395 NORTHWEST 42.366389,-71.059463
42.361117,-71.055524 NORTHWEST 42.361278,-71.055824
42.361117,-71.055524 SOUTHWEST 42.360721,-71.055893
42.361117,-71.055524 NORTHEAST 42.361393,-71.055313
42.361393,-71.055313 EAST 42.361432,-71.054905
42.361393,-71.055313 NORTHEAST 42.361565,-71.055182
42.361393,-71.055313 SOUTHWEST 42.361117,-71.055524
42.352484,-71.061425 NORTH 42.353471,-71.061334
42.361432,-71.054905 NORTHWEST 42.361565,-71.055182
42.361432,-71.054905 SOUTHEAST 42.360823,-71.053716
42.361432,-71.054905 WEST 42.361393,-71.055313
42.360647,-71.066995 EAST 42.360650,-71.066930
42.360650,-71.066930 WEST 42.360647,-71.066995
42.360650,-71.066930 SOUTH 42.360332,-71.066906
42.360650,-71.066930 NORTH 42.361118,-71.066959
42.358058,-71.052273 SOUTHEAST 42.357809,-71.051928
42.358058,-71.052273 NORTHWEST 42.358265,-71.052810
42.358058,-71.052273 SOUTHWEST 42.357760,-71.052466
42.361109,-71.067856 SOUTH 42.360310,-71.067801
42.361109,-71.067856 WEST 42.361091,-71.068763
42.361109,-71.067856 EAST 42.361118,-71.066959
42.360310,-71.067801 SOUTH 42.359544,-71.067725
42.360310,-71.067801 NORTH 42.361109,-71.067856
42.360310,-71.067801 EAST 42.360332,-71.066906
42.360310,-71.067801 WEST 42.360300,-71.068687
42.363753,-71.051063 SOUTH 42.362628,-71.051005
42.363753,-71.051063 NORTH 42.363993,-71.051072
42.363753,-71.051063 SOUTHWEST 42.363181,-71.051587
42.359667,-71.054397 SOUTH 42.359249,-71.054266
42.359667,-71.054397 SOUTHWEST 42.359059,-71.055442
42.359667,-71.054397 SOUTHEAST 42.359340,-71.053543
42.360339,-71.066378 SOUTH 42.359578,-71.066358
42.360339,-71.066378 NORTH 42.361129,-71.066383
42.360339,-71.066378 WEST 42.360332,-71.066906
42.360332,-71.066906 EAST 42.360339,-71.066378
42.360332,-71.066906 NORTH 42.360650,-71.066930
42.360332,-71.066906 WEST 42.360310,-71.067801
42.360332,-71.066906 SOUTH 42.359567,-71.066843
42.364123,-71.055563 SOUTHEAST 42.363641,-71.054661
42.364123,-71.055563 SOUTH 42.363880,-71.055682
42.364123,-71.055563 NORTH 42.364362,-71.055555
42.364010,-71.063423 NORTHEAST 42.364220,-71.063271
42.364010,-71.063423 NORTHWEST 42.365184,-71.064348
42.364010,-71.063423 EAST 42.363986,-71.063332
42.364010,-71.063423 SOUTH 42.363917,-71.063468
42.362060,-71.054919 NORTHEAST 42.362817,-71.054303
42.362060,-71.054919 SOUTHEAST 42.361557,-71.053922
42.362060,-71.054919 NORTHWEST 42.362545,-71.055814
42.362176,-71.062269 SOUTHWEST 42.361307,-71.062865
42.362176,-71.062269 SOUTHEAST 42.361247,-71.060952
42.362176,-71.062269 NORTHEAST 42.363005,-71.059944
42.358832,-71.068695 EAST 42.358844,-71.067672
42.358832,-71.068695 WEST 42.358823,-71.068983
42.358832,-71.068695 SOUTH 42.358007,-71.068515
42.358844,-71.067672 EAST 42.358839,-71.065082
42.358844,-71.067672 WEST 42.358832,-71.068695
42.358844,-71.067672 NORTH 42.359291,-71.067707
42.363641,-71.054661 NORTHWEST 42.364123,-71.055563
42.363641,-71.054661 SOUTHEAST 42.363096,-71.054075
42.363641,-71.054661 NORTHEAST 42.363962,-71.054310
42.363641,-71.054661 SOUTHWEST 42.363404,-71.054891
42.361565,-71.055182 SOUTHEAST 42.361432,-71.054905
42.361565,-71.055182 NORTHWEST 42.362152,-71.056507
42.361565,-71.055182 SOUTHWEST 42.361393,-71.055313
42.366413,-71.057345 SOUTHEAST 42.365722,-71.056364
42.354348,-71.061732 SOUTHWEST 42.353864,-71.062191
42.354348,-71.061732 NORTHWEST 42.355639,-71.062912
42.354348,-71.061732 NORTHWEST 42.354825,-71.062654
42.361731,-71.079238 EAST 42.360956,-71.070905
42.362508,-71.070703 SOUTH 42.361399,-71.070593
42.362508,-71.070703 EAST 42.362172,-71.068627
42.362508,-71.070703 NORTH 42.364287,-71.069783
42.357848,-71.069857 NORTH 42.358799,-71.070311
42.357848,-71.069857 EAST 42.357896,-71.069477
42.357848,-71.069857 SOUTH 42.357094,-71.069471
42.357848,-71.069857 WEST 42.357781,-71.070284
42.362179,-71.067902 EAST 42.362194,-71.066993
42.362179,-71.067902 WEST 42.362172,-71.068627
42.362179,-71.067902 SOUTH 42.361223,-71.067856
42.362174,-71.063800 WEST 42.362194,-71.063911
42.362174,-71.063800 SOUTH 42.361290,-71.063716
42.362174,-71.063800 NORTH 42.363377,-71.063611
42.361229,-71.053295 NORTHWEST 42.361557,-71.053922
42.361229,-71.053295 NORTHEAST 42.362017,-71.052609
42.361229,-71.053295 SOUTHEAST 42.360931,-71.052795
42.360931,-71.052795 SOUTHWEST 42.360509,-71.053155
42.360931,-71.052795 NORTHEAST 42.361683,-71.051924
42.360931,-71.052795 SOUTHWEST 42.360567,-71.053240
42.360931,-71.052795 SOUTHEAST 42.359631,-71.051804
42.360931,-71.052795 NORTHWEST 42.361229,-71.053295
42.360956,-71.070905 WEST 42.361731,-71.079238
42.360956,-71.070905 NORTHEAST 42.361399,-71.070593
42.360956,-71.070905 SOUTH 42.359472,-71.070761
42.360956,-71.070905 EAST 42.361025,-71.070041
42.357069,-71.071849 EAST 42.357377,-71.070548
42.357069,-71.071849 NORTH 42.357155,-71.071884
42.357069,-71.071849 SOUTH 42.356624,-71.071669
42.364265,-71.066347 SOUTH 42.363424,-71.066558
42.363424,-71.066558 WEST 42.363423,-71.066915
42.363424,-71.066558 SOUTHEAST 42.362194,-71.063911
42.363424,-71.066558 NORTH 42.364265,-71.066347
42.357971,-71.053011 SOUTHWEST 42.357648,-71.053229
42.357971,-71.053011 NORTHEAST 42.358265,-71.052810
42.357971,-71.053011 SOUTHEAST 42.357760,-71.052466
42.357760,-71.052466 NORTHEAST 42.358058,-71.052273
42.357760,-71.052466 NORTHWEST 42.357971,-71.053011
42.357760,-71.052466 SOUTH 42.357310,-71.052328
42.357760,-71.052466 SOUTHWEST 42.357436,-71.052676
42.363477,-71.064061 EAST 42.363399,-71.063714
42.359059,-71.055442 WEST 42.358971,-71.055908
42.359059,-71.055442 NORTHEAST 42.359667,-71.054397
42.359059,-71.055442 EAST 42.359204,-71.054650
42.357081,-71.072224 EAST 42.357155,-71.071884
42.359282,-71.068604 SOUTH 42.359118,-71.068604
42.359282,-71.068604 EAST 42.359291,-71.067707
42.359282,-71.068604 WEST 42.359505,-71.069743
42.359282,-71.068604 NORTH 42.359539,-71.068617
42.359118,-71.068604 NORTH 42.359282,-71.068604
42.366002,-71.060224 SOUTHEAST 42.364892,-71.058983
42.355533,-71.072190 SOUTH 42.354648,-71.072069
42.355533,-71.072190 WEST 42.355463,-71.072492
42.355533,-71.072190 EAST 42.355570,-71.072040
42.359567,-71.066843 EAST 42.359578,-71.066358
42.359567,-71.066843 WEST 42.359544,-71.067725
42.359567,-71.066843 SOUTH 42.359306,-71.066830
42.359567,-71.066843 NORTH 42.360332,-71.066906
42.360300,-71.068687 WEST 42.360267,-71.070038
42.360300,-71.068687 EAST 42.360310,-71.067801
42.360300,-71.068687 NORTH 42.361091,-71.068763
42.360300,-71.068687 SOUTH 42.359539,-71.068617
42.359544,-71.067725 SOUTH 42.359291,-71.067707
42.359544,-71.067725 NORTH 42.360310,-71.067801
42.359544,-71.067725 EAST 42.359567,-71.066843
42.359544,-71.067725 WEST 42.359539,-71.068617
42.359347,-71.065039 WEST 42.359325,-71.065961
42.359347,-71.065039 NORTH 42.360069,-71.065079
42.359347,-71.065039 SOUTH 42.358839,-71.065082
42.359347,-71.065039 EAST 42.359352,-71.064385
42.358839,-71.065082 WEST 42.358844,-71.067672
42.358839,-71.065082 NORTH 42.359347,-71.065039
42.358839,-71.065082 SOUTH 42.358340,-71.065080
42.359578,-71.066358 SOUTH 42.359319,-71.066354
42.359578,-71.066358 NORTH 42.360339,-71.066378
42.359578,-71.066358 WEST 42.359567,-71.066843
42.355574,-71.050922 SOUTHWEST 42.354773,-71.051428
42.355574,-71.050922 NORTH 42.356680,-71.050768
42.355574,-71.050922 SOUTHEAST 42.355353,-71.050320
42.354047,-71.052873 NORTHEAST 42.354773,-71.051428
42.354047,-71.052873 NORTHWEST 42.354530,-71.053345
42.354047,-71.052873 SOUTHWEST 42.353667,-71.053631
42.359539,-71.068617 EAST 42.359544,-71.067725
42.359539,-71.068617 NORTH 42.360300,-71.068687
42.359539,-71.068617 WEST 42.359505,-71.069743
42.359539,-71.068617 SOUTH 42.359282,-71.068604
42.358971,-71.055908 SOUTH 42.358248,-71.055567
42.358971,-71.055908 WEST 42.358837,-71.056792
42.358971,-71.055908 EAST 42.359059,-71.055442
42.355236,-71.054027 SOUTHWEST 42.354950,-71.054338
42.355236,-71.054027 NORTHEAST 42.356044,-71.053215
42.355236,-71.054027 SOUTHEAST 42.354530,-71.053345
42.355236,-71.054027 NORTHWEST 42.356068,-71.054886
42.356123,-71.071466 SOUTH 42.355739,-71.071311
42.356123,-71.071466 EAST 42.356453,-71.070043
42.356123,-71.071466 NORTH 42.356260,-71.071522
42.362195,-71.066870 NORTH 42.363423,-71.066915
42.362195,-71.066870 WEST 42.362194,-71.066993
42.362195,-71.066870 SOUTH 42.361234,-71.066856
42.358837,-71.056792 EAST 42.358971,-71.055908
42.358837,-71.056792 SOUTH 42.358044,-71.056544
42.358837,-71.056792 NORTH 42.360273,-71.057157
42.358837,-71.056792 NORTHWEST 42.359055,-71.056958
42.358837,-71.056792 WEST 42.358845,-71.057136
42.359249,-71.054266 NORTH 42.359667,-71.054397
42.359249,-71.054266 EAST 42.359266,-71.054074
42.359249,-71.054266 WEST 42.359204,-71.054650
42.359106,-71.062448 EAST 42.359182,-71.061678
42.359106,-71.062448 NORTHWEST 42.359615,-71.062839
42.359106,-71.062448 WEST 42.359062,-71.062891
42.359266,-71.054074 WEST 42.359249,-71.054266
42.359266,-71.054074 SOUTHEAST 42.358805,-71.053800
42.359266,-71.054074 EAST 42.359340,-71.053543
42.365470,-71.064637 NORTHWEST 42.367240,-71.067098
42.365470,-71.064637 SOUTHEAST 42.365184,-71.064348
42.365470,-71.064637 NORTHWEST 42.366383,-71.067577
42.350958,-71.063001 NORTH 42.353864,-71.062191
42.361237,-71.066362 SOUTH 42.361129,-71.066383
42.361237,-71.066362 WEST 42.361234,-71.066856
42.361237,-71.066362 EAST 42.361286,-71.063829
42.363893,-71.063375 NORTH 42.363986,-71.063332
42.363893,-71.063375 WEST 42.363917,-71.063468
42.363893,-71.063375 EAST 42.363568,-71.062106
42.363893,-71.063375 SOUTH 42.363377,-71.063611
42.357165,-71.065086 WEST 42.357001,-71.065792
42.357165,-71.065086 EAST 42.357707,-71.063236
42.357165,-71.065086 NORTH 42.357670,-71.065093
42.357670,-71.065093 SOUTH 42.357165,-71.065086
42.357670,-71.065093 EAST 42.357714,-71.064642
42.357670,-71.065093 NORTH 42.358041,-71.065095
42.358340,-71.065080 WEST 42.358307,-71.066284
42.358340,-71.065080 SOUTH 42.358041,-71.065095
42.358340,-71.065080 NORTHEAST 42.359352,-71.064385
42.358340,-71.065080 NORTH 42.358839,-71.065082
42.358041,-71.065095 EAST 42.358071,-71.064714
42.358041,-71.065095 SOUTH 42.357670,-71.065093
42.358041,-71.065095 NORTH 42.358340,-71.065080
42.356608,-71.053929 SOUTHEAST 42.356044,-71.053215
42.356608,-71.053929 NORTHEAST 42.356949,-71.053275
42.356608,-71.053929 SOUTHWEST 42.356068,-71.054886
42.356608,-71.053929 NORTHWEST 42.357337,-71.054901
42.357684,-71.054421 NORTHEAST 42.357975,-71.053997
42.357684,-71.054421 SOUTHWEST 42.357337,-71.054901
42.357684,-71.054421 SOUTHEAST 42.357444,-71.053779
42.357684,-71.054421 NORTHWEST 42.357933,-71.055094
42.356949,-71.053275 NORTHWEST 42.357444,-71.053779
42.356949,-71.053275 SOUTHEAST 42.356738,-71.053086
42.356949,-71.053275 SOUTHWEST 42.356608,-71.053929
42.356949,-71.053275 NORTHEAST 42.357436,-71.052676
42.358799,-71.070311 WEST 42.358788,-71.070722
42.358799,-71.070311 SOUTH 42.357848,-71.069857
42.358799,-71.070311 EAST 42.358810,-71.069936
42.358823,-71.068983 SOUTH 42.357977,-71.068787
42.358823,-71.068983 EAST 42.358832,-71.068695
42.358823,-71.068983 WEST 42.358810,-71.069936
42.358771,-71.071715 EAST 42.358788,-71.070722
42.358771,-71.071715 SOUTH 42.357427,-71.071994
42.358771,-71.071715 WEST 42.358770,-71.072308
42.361234,-71.066856 WEST 42.361232,-71.066972
42.361234,-71.066856 SOUTHWEST 42.361118,-71.066959
42.361234,-71.066856 NORTH 42.362195,-71.066870
42.361234,-71.066856 EAST 42.361237,-71.066362
42.365565,-71.052951 NORTH 42.367188,-71.052507
42.365565,-71.052951 SOUTH 42.365283,-71.053066
42.365565,-71.052951 EAST 42.365261,-71.051766
42.361535,-71.057590 NORTHEAST 42.361697,-71.057304
42.361535,-71.057590 SOUTH 42.360273,-71.057157
42.361535,-71.057590 SOUTHWEST 42.361472,-71.057730
42.361535,-71.057590 NORTHWEST 42.362480,-71.058376
42.362480,-71.058376 SOUTHEAST 42.361535,-71.057590
42.362480,-71.058376 SOUTHWEST 42.362424,-71.058525
42.362480,-71.058376 NORTHEAST 42.362771,-71.057507
42.362480,-71.058376 NORTHWEST 42.363062,-71.059704
42.366167,-71.054900 NORTHEAST 42.366413,-71.054724
42.366167,-71.054900 SOUTHWEST 42.365886,-71.055089
42.366167,-71.054900 SOUTHEAST 42.365766,-71.054258
42.365212,-71.055486 NORTHWEST 42.365498,-71.055956
42.365212,-71.055486 SOUTHEAST 42.364320,-71.053919
42.365212,-71.055486 NORTHEAST 42.365886,-71.055089
42.365212,-71.055486 SOUTH 42.364740,-71.055527
42.365886,-71.055089 SOUTHWEST 42.365212,-71.055486
42.365886,-71.055089 SOUTHEAST 42.365529,-71.054570
42.365886,-71.055089 NORTHEAST 42.366167,-71.054900
42.364819,-71.062278 SOUTHWEST 42.364696,-71.062579
42.364819,-71.062278 SOUTHEAST 42.363649,-71.061009
42.364819,-71.062278 NORTHEAST 42.365126,-71.061777
42.363556,-71.058984 NORTHEAST 42.363879,-71.058429
42.363556,-71.058984 NORTHWEST 42.364353,-71.059876
42.363556,-71.058984 SOUTHWEST 42.363174,-71.059598
42.361118,-71.066959 NORTHEAST 42.361234,-71.066856
42.361118,-71.066959 NORTH 42.361232,-71.066972
42.361118,-71.066959 WEST 42.361109,-71.067856
42.361118,-71.066959 SOUTH 42.360650,-71.066930
42.361118,-71.066959 EAST 42.361129,-71.066383
42.352513,-71.059397 NORTH 42.352803,-71.059442
42.352803,-71.059442 SOUTH 42.352513,-71.059397
42.352803,-71.059442 NORTHEAST 42.354090,-71.058622
42.352803,-71.059442 WEST 42.353160,-71.060721
42.364674,-71.053176 NORTHWEST 42.364779,-71.053461
42.364674,-71.053176 SOUTHEAST 42.364390,-71.052353
42.364674,-71.053176 SOUTH 42.364054,-71.053431
42.363936,-71.053089 SOUTHEAST 42.363483,-71.052777
42.363936,-71.053089 SOUTHWEST 42.363631,-71.053635
42.363936,-71.053089 NORTHEAST 42.364206,-71.052652
42.364054,-71.053431 NORTH 42.364674,-71.053176
42.364054,-71.053431 NORTHWEST 42.364320,-71.053919
42.364054,-71.053431 SOUTH 42.363631,-71.053635
42.357420,-71.058337 NORTHEAST 42.357663,-71.058094
42.357420,-71.058337 WEST 42.357697,-71.059360
42.357420,-71.058337 SOUTHWEST 42.356983,-71.058765
42.363631,-71.053635 SOUTHWEST 42.363310,-71.053827
42.363631,-71.053635 NORTHEAST 42.363936,-71.053089
42.363631,-71.053635 NORTH 42.364054,-71.053431
42.358000,-71.060461 NORTH 42.360900,-71.061317
42.358000,-71.060461 WEST 42.358275,-71.061496
42.358000,-71.060461 SOUTHWEST 42.357366,-71.061074
42.358000,-71.060461 EAST 42.357697,-71.059360
42.357697,-71.059360 EAST 42.357420,-71.058337
42.357697,-71.059360 WEST 42.358000,-71.060461
42.357697,-71.059360 SOUTHWEST 42.356709,-71.060238
42.352508,-71.061142 NORTHEAST 42.353160,-71.060721
42.362152,-71.056507 SOUTHWEST 42.362017,-71.056740
42.362152,-71.056507 NORTHEAST 42.362545,-71.055814
42.362152,-71.056507 SOUTHEAST 42.361565,-71.055182
42.362152,-71.056507 NORTHWEST 42.362771,-71.057507
42.360387,-71.056709 NORTH 42.361284,-71.057080
42.360387,-71.056709 WEST 42.360273,-71.057157
42.360387,-71.056709 NORTHEAST 42.360721,-71.055893
42.355737,-71.058914 NORTHEAST 42.356746,-71.058060
42.355737,-71.058914 SOUTHEAST 42.355452,-71.058039
42.355737,-71.058914 SOUTH 42.354483,-71.059138
42.363206,-71.056947 SOUTHEAST 42.362829,-71.056315
42.363206,-71.056947 NORTHWEST 42.363377,-71.057199
42.363206,-71.056947 SOUTHWEST 42.362771,-71.057507
42.363062,-71.059704 NORTHEAST 42.363725,-71.058397
42.363062,-71.059704 WEST 42.363328,-71.060738
42.363062,-71.059704 NORTHEAST 42.363174,-71.059598
42.363062,-71.059704 WEST 42.363005,-71.059944
42.363062,-71.059704 SOUTHEAST 42.362480,-71.058376
42.361589,-71.056925 NORTH 42.361920,-71.056911
42.361589,-71.056925 SOUTH 42.361284,-71.057080
42.361589,-71.056925 EAST 42.361278,-71.055824
42.366383,-71.067577 SOUTHEAST 42.365470,-71.064637
42.362017,-71.056740 SOUTHWEST 42.361920,-71.056911
42.362017,-71.056740 NORTHEAST 42.362152,-71.056507
42.362017,-71.056740 SOUTHEAST 42.361278,-71.055824
42.354090,-71.058622 NORTHEAST 42.355140,-71.057498
42.354090,-71.058622 SOUTHWEST 42.352803,-71.059442
42.354090,-71.058622 SOUTHEAST 42.353675,-71.058025
42.354090,-71.058622 NORTHWEST 42.354483,-71.059138
42.357584,-71.056413 EAST 42.357802,-71.055361
42.357584,-71.056413 NORTH 42.358044,-71.056544
42.357584,-71.056413 SOUTHEAST 42.356902,-71.055750
42.357584,-71.056413 SOUTH 42.356824,-71.056328
42.357584,-71.056413 WEST 42.357580,-71.057332
42.362545,-71.055814 NORTHWEST 42.362829,-71.056315
42.362545,-71.055814 SOUTHWEST 42.362152,-71.056507
42.362545,-71.055814 SOUTHEAST 42.362060,-71.054919
42.362545,-71.055814 NORTHEAST 42.362930,-71.055326
42.364368,-71.058209 EAST 42.364402,-71.057764
42.364368,-71.058209 NORTH 42.364754,-71.058379
42.364368,-71.058209 SOUTHEAST 42.363814,-71.057673
42.356060,-71.073080 EAST 42.356079,-71.072288
42.353346,-71.057391 NORTHWEST 42.353524,-71.057801
42.362829,-71.056315 NORTHWEST 42.363206,-71.056947
42.362829,-71.056315 SOUTHEAST 42.362545,-71.055814
42.362829,-71.056315 NORTHEAST 42.363594,-71.055866
42.356068,-71.054886 NORTHWEST 42.356902,-71.055750
42.356068,-71.054886 SOUTHWEST 42.355627,-71.055689
42.356068,-71.054886 NORTHEAST 42.356608,-71.053929
42.356068,-71.054886 SOUTHEAST 42.355236,-71.054027
42.356007,-71.070176 WEST 42.355739,-71.071311
42.356007,-71.070176 SOUTHEAST 42.352836,-71.067617
42.356007,-71.070176 EAST 42.356105,-71.069855
42.354773,-71.051428 NORTHEAST 42.355574,-71.050922
42.354773,-71.051428 SOUTHEAST 42.353338,-71.048880
42.354773,-71.051428 NORTHWEST 42.355247,-71.052069
42.354773,-71.051428 SOUTHWEST 42.354047,-71.052873
42.357225,-71.057834 SOUTH 42.356740,-71.057821
42.364127,-71.056657 EAST 42.363880,-71.055682
42.364127,-71.056657 SOUTH 42.363871,-71.056639
42.364127,-71.056657 NORTH 42.364465,-71.056689
42.354362,-71.053673 NORTHEAST 42.354530,-71.053345
42.354362,-71.053673 NORTHWEST 42.354950,-71.054338
42.354362,-71.053673 SOUTHWEST 42.354138,-71.054107
42.363879,-71.058429 NORTH 42.364289,-71.058447
42.363879,-71.058429 SOUTHWEST 42.363556,-71.058984
42.363879,-71.058429 SOUTH 42.363725,-71.058397
42.353381,-71.059852 NORTHWEST 42.353609,-71.060296
42.356740,-71.057821 EAST 42.356751,-71.057323
42.356740,-71.057821 NORTH 42.357225,-71.057834
42.356740,-71.057821 SOUTH 42.355452,-71.058039
42.356740,-71.057821 WEST 42.356746,-71.058060
42.361025,-71.070041 SOUTH 42.360267,-71.070038
42.361025,-71.070041 EAST 42.361077,-71.069461
42.361025,-71.070041 WEST 42.360956,-71.070905
42.359182,-71.061678 NORTH 42.360900,-71.061317
42.359182,-71.061678 SOUTH 42.358275,-71.061496
42.359182,-71.061678 WEST 42.359106,-71.062448
42.357650,-71.055290 SOUTH 42.357203,-71.055109
42.357650,-71.055290 NORTH 42.357802,-71.055361
42.357650,-71.055290 SOUTHEAST 42.357337,-71.054901
42.357203,-71.055109 NORTH 42.357650,-71.055290
42.357203,-71.055109 SOUTHWEST 42.356902,-71.055750
42.357203,-71.055109 NORTHEAST 42.357337,-71.054901
42.356357,-71.072934 EAST 42.356624,-71.071669
42.354530,-71.053345 NORTHEAST 42.355247,-71.052069
42.354530,-71.053345 SOUTHEAST 42.354047,-71.052873
42.354530,-71.053345 NORTHWEST 42.355236,-71.054027
42.354530,-71.053345 SOUTHWEST 42.354362,-71.053673
42.360628,-71.069427 NORTH 42.361077,-71.069461
42.361077,-71.069461 SOUTH 42.360628,-71.069427
42.361077,-71.069461 EAST 42.361091,-71.068763
42.361077,-71.069461 WEST 42.361025,-71.070041
42.361091,-71.068763 EAST 42.361109,-71.067856
42.361091,-71.068763 WEST 42.361077,-71.069461
42.361091,-71.068763 SOUTH 42.360300,-71.068687
42.357580,-71.057332 SOUTH 42.356751,-71.057323
42.357580,-71.057332 WEST 42.357663,-71.058094
42.357580,-71.057332 NORTH 42.358845,-71.057136
42.357580,-71.057332 EAST 42.357584,-71.056413
42.363880,-71.055682 NORTH 42.364123,-71.055563
42.363880,-71.055682 SOUTHWEST 42.363594,-71.055866
42.363880,-71.055682 WEST 42.364127,-71.056657
42.354950,-71.054338 SOUTHWEST 42.354654,-71.054661
42.354950,-71.054338 NORTHEAST 42.355236,-71.054027
42.354950,-71.054338 SOUTHEAST 42.354362,-71.053673
42.365307,-71.057415 NORTH 42.365875,-71.057485
42.365307,-71.057415 WEST 42.365286,-71.057852
42.365307,-71.057415 SOUTH 42.364434,-71.057319
42.365307,-71.057415 EAST 42.365331,-71.056767
42.365875,-71.057485 SOUTH 42.365307,-71.057415
42.357905,-71.062749 EAST 42.358275,-71.061496
42.357905,-71.062749 NORTH 42.359062,-71.062891
42.357905,-71.062749 SOUTHWEST 42.357707,-71.063236
42.357707,-71.063236 WEST 42.357165,-71.065086
42.357707,-71.063236 SOUTHEAST 42.356511,-71.061982
42.357707,-71.063236 NORTHEAST 42.357905,-71.062749
42.358819,-71.057832 SOUTH 42.357663,-71.058094
42.358819,-71.057832 EAST 42.358845,-71.057136
42.358819,-71.057832 WEST 42.359000,-71.058625
42.357781,-71.070284 SOUTH 42.357018,-71.069875
42.357781,-71.070284 NORTH 42.358788,-71.070722
42.357781,-71.070284 WEST 42.357696,-71.070707
42.357781,-71.070284 EAST 42.357848,-71.069857
42.362381,-71.053162 NORTHWEST 42.363096,-71.054075
42.362381,-71.053162 SOUTHWEST 42.361557,-71.053922
42.362381,-71.053162 SOUTHEAST 42.362232,-71.052938
42.362381,-71.053162 NORTHEAST 42.363481,-71.051910
42.355627,-71.055689 SOUTHEAST 42.354654,-71.054661
42.355627,-71.055689 WEST 42.355503,-71.056529
42.355627,-71.055689 NORTH 42.356824,-71.056328
42.355627,-71.055689 NORTHEAST 42.356068,-71.054886
42.358845,-71.057136 SOUTH 42.357580,-71.057332
42.358845,-71.057136 NORTHEAST 42.359055,-71.056958
42.358845,-71.057136 EAST 42.358837,-71.056792
42.358845,-71.057136 WEST 42.358819,-71.057832
42.364807,-71.056059 EAST 42.364740,-71.055527
42.356260,-71.071522 SOUTH 42.356123,-71.071466
42.356260,-71.071522 NORTH 42.356624,-71.071669
42.356260,-71.071522 WEST 42.356079,-71.072288
42.353338,-71.048880 NORTHWEST 42.354773,-71.051428
42.366976,-71.067909 SOUTHEAST 42.365301,-71.064130
42.354138,-71.054107 SOUTHWEST 42.352917,-71.056257
42.354138,-71.054107 SOUTHEAST 42.353667,-71.053631
42.354138,-71.054107 NORTHWEST 42.354654,-71.054661
42.354138,-71.054107 NORTHEAST 42.354362,-71.053673
42.360267,-71.070038 SOUTH 42.359494,-71.070128
42.360267,-71.070038 NORTH 42.361025,-71.070041
42.360267,-71.070038 EAST 42.360300,-71.068687
42.364402,-71.057764 WEST 42.364368,-71.058209
42.364402,-71.057764 NORTH 42.365286,-71.057852
42.364402,-71.057764 EAST 42.364434,-71.057319
42.365286,-71.057852 SOUTH 42.364402,-71.057764
42.365286,-71.057852 WEST 42.365242,-71.058391
42.365286,-71.057852 NORTH 42.365726,-71.057891
42.365286,-71.057852 EAST 42.365307,-71.057415
42.359615,-71.062839 SOUTH 42.359345,-71.062875
42.359615,-71.062839 SOUTHWEST 42.359466,-71.063060
42.359615,-71.062839 NORTH 42.361183,-71.062882
42.359615,-71.062839 SOUTHEAST 42.359106,-71.062448
42.359466,-71.063060 SOUTHEAST 42.359345,-71.062875
42.359466,-71.063060 NORTHEAST 42.359615,-71.062839
42.359466,-71.063060 WEST 42.359427,-71.063561
42.362172,-71.068627 EAST 42.362179,-71.067902
42.362172,-71.068627 WEST 42.362508,-71.070703
42.362172,-71.068627 SOUTH 42.361201,-71.068730
42.357094,-71.069471 WEST 42.357018,-71.069875
42.357094,-71.069471 EAST 42.357166,-71.069106
42.357094,-71.069471 NORTH 42.357848,-71.069857
42.357648,-71.053229 NORTHEAST 42.357971,-71.053011
42.357648,-71.053229 NORTHWEST 42.357700,-71.053366
42.357648,-71.053229 SOUTHEAST 42.357436,-71.052676
42.358265,-71.052810 NORTHWEST 42.358468,-71.053282
42.358265,-71.052810 SOUTHEAST 42.358058,-71.052273
42.358265,-71.052810 SOUTHWEST 42.357971,-71.053011
42.358770,-71.072308 EAST 42.358771,-71.071715
42.359448,-71.072118 EAST 42.359472,-71.070761
42.357051,-71.060363 NORTHWEST 42.357366,-71.061074
42.361472,-71.057730 NORTHEAST 42.361535,-71.057590
42.361472,-71.057730 SOUTH 42.360231,-71.057302
42.361472,-71.057730 NORTHWEST 42.362424,-71.058525
42.356788,-71.056761 WEST 42.356751,-71.057323
42.356788,-71.056761 EAST 42.356824,-71.056328
42.356788,-71.056761 SOUTH 42.355503,-71.056529
42.365722,-71.056364 SOUTHEAST 42.365498,-71.055956
42.365722,-71.056364 NORTHWEST 42.366413,-71.057345
42.365722,-71.056364 SOUTHWEST 42.365512,-71.056624
42.358337,-71.054208 SOUTHEAST 42.357975,-71.053997
42.358337,-71.054208 NORTH 42.358649,-71.054373
42.358337,-71.054208 SOUTHWEST 42.357933,-71.055094
42.361157,-71.064153 EAST 42.361166,-71.063817
42.361157,-71.064153 SOUTH 42.359408,-71.063957
42.361157,-71.064153 WEST 42.361148,-71.064558
42.361129,-71.066003 EAST 42.361137,-71.065156
42.361129,-71.066003 WEST 42.361129,-71.066383
42.361129,-71.066003 SOUTH 42.359325,-71.065961
42.365890,-71.057253 SOUTHEAST 42.365616,-71.056805
42.354654,-71.054661 NORTHEAST 42.354950,-71.054338
42.354654,-71.054661 NORTHWEST 42.355627,-71.055689
42.354654,-71.054661 SOUTHWEST 42.353625,-71.056190
42.354654,-71.054661 SOUTHEAST 42.354138,-71.054107
42.363917,-71.063468 EAST 42.363893,-71.063375
42.363917,-71.063468 NORTH 42.364010,-71.063423
42.363917,-71.063468 SOUTH 42.363399,-71.063714
42.364465,-71.056689 EAST 42.364362,-71.055555
42.364465,-71.056689 WEST 42.364434,-71.057319
42.364465,-71.056689 NORTH 42.365331,-71.056767
42.364465,-71.056689 SOUTH 42.364127,-71.056657
42.356746,-71.058060 EAST 42.356740,-71.057821
42.356746,-71.058060 SOUTHWEST 42.355737,-71.058914
42.356746,-71.058060 NORTHWEST 42.356983,-71.058765
42.365331,-71.056767 NORTH 42.365394,-71.056770
42.365331,-71.056767 WEST 42.365307,-71.057415
42.365331,-71.056767 SOUTH 42.364465,-71.056689
42.355503,-71.056529 NORTH 42.356788,-71.056761
42.355503,-71.056529 SOUTH 42.353625,-71.056190
42.355503,-71.056529 EAST 42.355627,-71.055689
42.355503,-71.056529 WEST 42.355439,-71.057342
42.365009,-71.053835 NORTHWEST 42.365114,-71.053984
42.365009,-71.053835 SOUTHEAST 42.364779,-71.053461
42.365009,-71.053835 SOUTHWEST 42.364766,-71.054097
42.365616,-71.056805 SOUTH 42.365394,-71.056770
42.365616,-71.056805 NORTHWEST 42.365890,-71.057253
42.365616,-71.056805 SOUTHEAST 42.365512,-71.056624
42.364766,-71.054097 NORTHEAST 42.365009,-71.053835
42.361137,-71.065156 SOUTH 42.360069,-71.065079
42.361137,-71.065156 EAST 42.361148,-71.064558
42.361137,-71.065156 WEST 42.361129,-71.066003
42.358275,-71.061496 NORTH 42.359182,-71.061678
42.358275,-71.061496 WEST 42.357905,-71.062749
42.358275,-71.061496 EAST 42.358000,-71.060461
42.361286,-71.063829 NORTH 42.362194,-71.063911
42.361286,-71.063829 SOUTH 42.361166,-71.063817
42.361286,-71.063829 EAST 42.361290,-71.063716
42.361286,-71.063829 WEST 42.361237,-71.066362
42.357663,-71.058094 SOUTHWEST 42.357420,-71.058337
42.357663,-71.058094 NORTH 42.358819,-71.057832
42.357663,-71.058094 EAST 42.357580,-71.057332
42.358007,-71.068515 WEST 42.357977,-71.068787
42.358007,-71.068515 EAST 42.358307,-71.066284
42.358007,-71.068515 SOUTH 42.357355,-71.068242
42.358007,-71.068515 NORTH 42.358832,-71.068695
42.363399,-71.063714 WEST 42.363477,-71.064061
42.363399,-71.063714 SOUTH 42.362194,-71.063911
42.363399,-71.063714 EAST 42.363377,-71.063611
42.363399,-71.063714 NORTH 42.363917,-71.063468
42.357436,-71.052676 NORTHWEST 42.357648,-71.053229
42.357436,-71.052676 SOUTHWEST 42.356949,-71.053275
42.357436,-71.052676 NORTHEAST 42.357760,-71.052466
42.357436,-71.052676 SOUTHEAST 42.357310,-71.052328
42.358810,-71.069936 WEST 42.358799,-71.070311
42.358810,-71.069936 EAST 42.358823,-71.068983
42.358810,-71.069936 NORTH 42.359494,-71.070128
42.358810,-71.069936 SOUTH 42.357896,-71.069477
42.358729,-71.053687 SOUTHEAST 42.358468,-71.053282
42.358729,-71.053687 EAST 42.358856,-71.053195
42.358729,-71.053687 NORTHWEST 42.358805,-71.053800
42.363725,-71.058397 NORTH 42.363879,-71.058429
42.363725,-71.058397 SOUTHEAST 42.362771,-71.057507
42.363725,-71.058397 SOUTHWEST 42.363062,-71.059704
42.358307,-71.066284 EAST 42.358340,-71.065080
42.358307,-71.066284 WEST 42.358007,-71.068515
42.358307,-71.066284 SOUTH 42.357831,-71.066103
42.361307,-71.062865 EAST 42.361010,-71.061229
42.361307,-71.062865 NORTHEAST 42.362176,-71.062269
42.361307,-71.062865 SOUTH 42.361183,-71.062882
42.361307,-71.062865 WEST 42.361290,-71.063716
42.357831,-71.066103 WEST 42.357418,-71.067937
42.357831,-71.066103 SOUTH 42.357001,-71.065792
42.357831,-71.066103 NORTH 42.358307,-71.066284
42.360900,-71.061317 SOUTH 42.359182,-71.061678
42.360900,-71.061317 SOUTH 42.358000,-71.060461
42.360900,-71.061317 NORTHEAST 42.361010,-71.061229
42.360900,-71.061317 WEST 42.361183,-71.062882
42.357418,-71.067937 SOUTH 42.357107,-71.067819
42.357418,-71.067937 WEST 42.357355,-71.068242
42.357418,-71.067937 EAST 42.357831,-71.066103
42.361010,-71.061229 SOUTHWEST 42.360900,-71.061317
42.361010,-71.061229 SOUTHEAST 42.359096,-71.058945
42.361010,-71.061229 WEST 42.361307,-71.062865
42.361010,-71.061229 NORTHEAST 42.361247,-71.060952
42.365883,-71.063895 SOUTH 42.365301,-71.064130
42.364171,-71.054654 SOUTHEAST 42.363962,-71.054310
42.357896,-71.069477 EAST 42.357977,-71.068787
42.357896,-71.069477 SOUTH 42.357166,-71.069106
42.357896,-71.069477 WEST 42.357848,-71.069857
42.357896,-71.069477 NORTH 42.358810,-71.069936
42.363962,-71.054310 SOUTHWEST 42.363641,-71.054661
42.363962,-71.054310 NORTHEAST 42.364320,-71.053919
42.363962,-71.054310 NORTHWEST 42.364171,-71.054654
42.356044,-71.053215 SOUTHEAST 42.355247,-71.052069
42.356044,-71.053215 NORTHEAST 42.356425,-71.052806
42.356044,-71.053215 SOUTHWEST 42.355236,-71.054027
42.356044,-71.053215 NORTHWEST 42.356608,-71.053929
42.357337,-71.054901 NORTHWEST 42.357650,-71.055290
42.357337,-71.054901 SOUTHWEST 42.357203,-71.055109
42.357337,-71.054901 NORTHEAST 42.357684,-71.054421
42.357337,-71.054901 SOUTHEAST 42.356608,-71.053929
42.362239,-71.051062 NORTH 42.362628,-71.051005
42.362239,-71.051062 NORTHWEST 42.362792,-71.051929
42.362239,-71.051062 SOUTHWEST 42.361683,-71.051924
42.357427,-71.071994 NORTH 42.358771,-71.071715
42.357427,-71.071994 SOUTH 42.357155,-71.071884
42.357427,-71.071994 EAST 42.357696,-71.070707
42.357427,-71.071994 WEST 42.357292,-71.072654
42.360567,-71.053240 SOUTHEAST 42.360509,-71.053155
42.360567,-71.053240 NORTHWEST 42.360823,-71.053716
42.360567,-71.053240 NORTHEAST 42.360931,-71.052795
42.365439,-71.069164 SOUTH 42.364374,-71.069741
42.356680,-71.050768 NORTH 42.357886,-71.051349
42.356680,-71.050768 SOUTH 42.355574,-71.050922
42.356680,-71.050768 WEST 42.356685,-71.051520
42.360509,-71.053155 NORTHWEST 42.360567,-71.053240
42.360509,-71.053155 SOUTHEAST 42.359532,-71.052435
42.360509,-71.053155 NORTHEAST 42.360931,-71.052795
42.360721,-71.055893 SOUTHWEST 42.360387,-71.056709
42.360721,-71.055893 NORTHEAST 42.361117,-71.055524
42.360721,-71.055893 EAST 42.360823,-71.053716
42.359055,-71.056958 SOUTHWEST 42.358845,-71.057136
42.359055,-71.056958 NORTH 42.360231,-71.057302
42.359055,-71.056958 SOUTHEAST 42.358837,-71.056792
42.356738,-71.053086 NORTHWEST 42.356949,-71.053275
42.356738,-71.053086 SOUTHEAST 42.356425,-71.052806
42.356738,-71.053086 NORTHEAST 42.357280,-71.052249
42.355739,-71.071311 EAST 42.356007,-71.070176
42.355739,-71.071311 WEST 42.355570,-71.072040
42.355739,-71.071311 NORTH 42.356123,-71.071466
42.356105,-71.069855 EAST 42.356208,-71.069440
42.356105,-71.069855 NORTH 42.356453,-71.070043
42.356105,-71.069855 WEST 42.356007,-71.070176
42.352665,-71.064472 NORTH 42.355143,-71.063361
42.362194,-71.063911 EAST 42.362174,-71.063800
42.362194,-71.063911 NORTHWEST 42.363424,-71.066558
42.362194,-71.063911 SOUTH 42.361286,-71.063829
42.362194,-71.063911 NORTH 42.363399,-71.063714
42.364287,-71.069783 EAST 42.364021,-71.068612
42.364287,-71.069783 SOUTH 42.362508,-71.070703
42.364287,-71.069783 NORTH 42.364374,-71.069741
42.355639,-71.062912 NORTHEAST 42.356511,-71.061982
42.355639,-71.062912 SOUTHWEST 42.355143,-71.063361
42.355639,-71.062912 SOUTHEAST 42.354348,-71.061732
42.362771,-71.057507 NORTHEAST 42.363206,-71.056947
42.362771,-71.057507 SOUTHEAST 42.362152,-71.056507
42.362771,-71.057507 SOUTHWEST 42.362480,-71.058376
42.362771,-71.057507 NORTHWEST 42.363725,-71.058397
42.359427,-71.063561 EAST 42.359466,-71.063060
42.359427,-71.063561 WEST 42.359408,-71.063957
42.359427,-71.063561 NORTH 42.361168,-71.063724
42.357444,-71.053779 SOUTHEAST 42.356949,-71.053275
42.357444,-71.053779 NORTHWEST 42.357684,-71.054421
42.357444,-71.053779 NORTHEAST 42.357700,-71.053366
42.357700,-71.053366 NORTHWEST 42.357975,-71.053997
42.357700,-71.053366 SOUTHWEST 42.357444,-71.053779
42.357700,-71.053366 SOUTHEAST 42.357648,-71.053229
42.358468,-71.053282 SOUTHWEST 42.357975,-71.053997
42.358468,-71.053282 NORTHWEST 42.358729,-71.053687
42.358468,-71.053282 SOUTHEAST 42.358265,-71.052810
42.358468,-71.053282 EAST 42.358669,-71.052184
42.361697,-71.057304 SOUTH 42.361284,-71.057080
42.361697,-71.057304 NORTHEAST 42.361920,-71.056911
42.361697,-71.057304 SOUTHWEST 42.361535,-71.057590
42.361278,-71.055824 WEST 42.361589,-71.056925
42.361278,-71.055824 NORTHWEST 42.362017,-71.056740
42.361278,-71.055824 SOUTHEAST 42.361117,-71.055524
42.365210,-71.061871 SOUTHWEST 42.364696,-71.062579
42.365210,-71.061871 SOUTHEAST 42.365126,-71.061777
42.365210,-71.061871 NORTHEAST 42.365545,-71.061245
42.358856,-71.053195 EAST 42.358947,-71.052263
42.358856,-71.053195 WEST 42.358729,-71.053687
42.358856,-71.053195 NORTH 42.359370,-71.053348
42.351946,-71.070712 NORTH 42.353493,-71.071490
42.362194,-71.066993 WEST 42.362179,-71.067902
42.362194,-71.066993 EAST 42.362195,-71.066870
42.362194,-71.066993 NORTH 42.363421,-71.067031
42.362194,-71.066993 SOUTH 42.361232,-71.066972
42.363915,-71.067514 WEST 42.364021,-71.068612
42.363915,-71.067514 NORTH 42.364002,-71.067480
42.363915,-71.067514 SOUTHEAST 42.363421,-71.067031
42.364320,-71.053919 NORTHWEST 42.365212,-71.055486
42.364320,-71.053919 SOUTHWEST 42.363962,-71.054310
42.364320,-71.053919 NORTHEAST 42.364779,-71.053461
42.364320,-71.053919 SOUTHEAST 42.364054,-71.053431
42.361166,-71.063817 WEST 42.361157,-71.064153
42.361166,-71.063817 NORTH 42.361286,-71.063829
42.361166,-71.063817 EAST 42.361168,-71.063724
42.359325,-71.065961 WEST 42.359319,-71.066354
42.359325,-71.065961 EAST 42.359347,-71.065039
42.359325,-71.065961 NORTH 42.361129,-71.066003
42.365498,-71.055956 SOUTHEAST 42.365212,-71.055486
42.365498,-71.055956 NORTHEAST 42.366193,-71.055522
42.365498,-71.055956 NORTHWEST 42.365722,-71.056364
42.361232,-71.066972 NORTH 42.362194,-71.066993
42.361232,-71.066972 EAST 42.361234,-71.066856
42.361232,-71.066972 WEST 42.361223,-71.067856
42.361232,-71.066972 SOUTH 42.361118,-71.066959
42.359306,-71.066830 EAST 42.359319,-71.066354
42.359306,-71.066830 NORTH 42.359567,-71.066843
42.359306,-71.066830 WEST 42.359291,-71.067707
42.362017,-71.052609 NORTHEAST 42.362792,-71.051929
42.362017,-71.052609 SOUTHEAST 42.361683,-71.051924
42.362017,-71.052609 SOUTHWEST 42.361229,-71.053295
42.362017,-71.052609 NORTHWEST 42.362232,-71.052938
42.366389,-71.059463 SOUTHEAST 42.365462,-71.058395
42.364696,-71.062579 NORTHEAST 42.364819,-71.062278
42.364696,-71.062579 SOUTHWEST 42.364507,-71.062935
42.364696,-71.062579 NORTHEAST 42.365210,-71.061871
42.363421,-71.067031 EAST 42.363423,-71.066915
42.363421,-71.067031 NORTHWEST 42.363915,-71.067514
42.363421,-71.067031 SOUTH 42.362194,-71.066993
42.365545,-71.061245 SOUTHEAST 42.365455,-71.061152
42.365545,-71.061245 NORTHEAST 42.365806,-71.060735
42.365545,-71.061245 SOUTHWEST 42.365210,-71.061871
42.364002,-71.067480 SOUTHEAST 42.363423,-71.066915
42.364002,-71.067480 WEST 42.364109,-71.068579
42.364002,-71.067480 NORTHEAST 42.364648,-71.067096
42.364002,-71.067480 SOUTH 42.363915,-71.067514
42.362673,-71.054046 NORTHWEST 42.362817,-71.054303
42.362232,-71.052938 NORTHWEST 42.362381,-71.053162
42.362232,-71.052938 NORTHEAST 42.362529,-71.052604
42.362232,-71.052938 SOUTHEAST 42.362017,-71.052609
42.359061,-71.051639 EAST 42.359178,-71.050891
42.359061,-71.051639 NORTH 42.359631,-71.051804
42.359061,-71.051639 SOUTH 42.358766,-71.051560
42.364827,-71.051065 NORTH 42.365342,-71.051104
42.364827,-71.051065 WEST 42.364937,-71.051788
42.364827,-71.051065 SOUTH 42.363993,-71.051072
42.353231,-71.056869 NORTHEAST 42.353625,-71.056190
42.355247,-71.052069 SOUTHEAST 42.354773,-71.051428
42.355247,-71.052069 SOUTHWEST 42.354530,-71.053345
42.355247,-71.052069 NORTHWEST 42.356044,-71.053215
42.355247,-71.052069 NORTH 42.356685,-71.051520
42.349727,-71.086934 EAST 42.353846,-71.071676
42.362930,-71.055326 SOUTHEAST 42.362796,-71.055067
42.362930,-71.055326 SOUTHWEST 42.362545,-71.055814
42.362930,-71.055326 NORTHEAST 42.363404,-71.054891
42.362796,-71.055067 NORTHWEST 42.362930,-71.055326
42.361290,-71.063716 NORTH 42.362174,-71.063800
42.361290,-71.063716 EAST 42.361307,-71.062865
42.361290,-71.063716 WEST 42.361286,-71.063829
42.361290,-71.063716 SOUTH 42.361168,-71.063724
42.365806,-71.060735 SOUTHWEST 42.365545,-71.061245
42.363838,-71.057243 WEST 42.363836,-71.057263
42.363838,-71.057243 EAST 42.363871,-71.056639
42.363838,-71.057243 SOUTH 42.363377,-71.057199
42.356554,-71.052300 NORTH 42.356805,-71.052404
42.356554,-71.052300 WEST 42.356425,-71.052806
42.356554,-71.052300 EAST 42.356685,-71.051520
42.357886,-71.051349 WEST 42.357809,-71.051928
42.357886,-71.051349 EAST 42.358023,-71.050302
42.357886,-71.051349 SOUTH 42.356680,-71.050768
42.357886,-71.051349 NORTH 42.358766,-71.051560
42.355353,-71.050320 NORTHWEST 42.355574,-71.050922
42.352586,-71.055438 NORTHEAST 42.353667,-71.053631
42.356751,-71.057323 WEST 42.356740,-71.057821
42.356751,-71.057323 SOUTH 42.355439,-71.057342
42.356751,-71.057323 EAST 42.356788,-71.056761
42.356751,-71.057323 NORTH 42.357580,-71.057332
42.364434,-71.057319 WEST 42.364402,-71.057764
42.364434,-71.057319 SOUTH 42.363836,-71.057263
42.364434,-71.057319 EAST 42.364465,-71.056689
42.364434,-71.057319 NORTH 42.365307,-71.057415
42.355463,-71.072492 EAST 42.355533,-71.072190
42.365726,-71.057891 SOUTH 42.365286,-71.057852
42.366413,-71.054724 SOUTHWEST 42.366167,-71.054900
42.358947,-71.052263 WEST 42.358856,-71.053195
42.358947,-71.052263 NORTH 42.359532,-71.052435
42.358947,-71.052263 SOUTH 42.358669,-71.052184
42.358071,-71.064714 WEST 42.358041,-71.065095
42.358805,-71.053800 NORTHWEST 42.359266,-71.054074
42.358805,-71.053800 SOUTHEAST 42.358729,-71.053687
42.358805,-71.053800 WEST 42.358649,-71.054373
42.358023,-71.050302 WEST 42.357886,-71.051349
42.361183,-71.062882 EAST 42.360900,-71.061317
42.361183,-71.062882 SOUTH 42.359615,-71.062839
42.361183,-71.062882 NORTH 42.361307,-71.062865
42.361183,-71.062882 WEST 42.361168,-71.063724
42.361168,-71.063724 NORTH 42.361290,-71.063716
42.361168,-71.063724 WEST 42.361166,-71.063817
42.361168,-71.063724 SOUTH 42.359427,-71.063561
42.361168,-71.063724 EAST 42.361183,-71.062882
42.359345,-71.062875 NORTH 42.359615,-71.062839
42.359345,-71.062875 SOUTH 42.359062,-71.062891
42.359345,-71.062875 NORTHWEST 42.359466,-71.063060
42.362817,-71.054303 NORTHEAST 42.363096,-71.054075
42.362817,-71.054303 SOUTHEAST 42.362673,-71.054046
42.362817,-71.054303 SOUTHWEST 42.362060,-71.054919
42.365394,-71.056770 SOUTH 42.365331,-71.056767
42.365394,-71.056770 NORTHEAST 42.365512,-71.056624
42.365394,-71.056770 NORTH 42.365616,-71.056805
42.352836,-71.067617 NORTHWEST 42.356007,-71.070176
42.363993,-71.051072 WEST 42.364196,-71.051789
42.363993,-71.051072 NORTH 42.364827,-71.051065
42.363993,-71.051072 SOUTH 42.363753,-71.051063
42.363174,-71.059598 NORTHWEST 42.363985,-71.060477
42.363174,-71.059598 NORTHEAST 42.363556,-71.058984
42.363174,-71.059598 SOUTHWEST 42.363062,-71.059704
42.356208,-71.069440 EAST 42.356593,-71.067615
42.356208,-71.069440 NORTH 42.356698,-71.069703
42.356208,-71.069440 WEST 42.356105,-71.069855
42.357155,-71.071884 NORTH 42.357427,-71.071994
42.357155,-71.071884 SOUTH 42.357069,-71.071849
42.357155,-71.071884 WEST 42.357081,-71.072224
42.356425,-71.052806 EAST 42.356554,-71.052300
42.356425,-71.052806 SOUTHWEST 42.356044,-71.053215
42.356425,-71.052806 NORTHWEST 42.356738,-71.053086
42.356902,-71.055750 NORTHEAST 42.357203,-71.055109
42.356902,-71.055750 WEST 42.356824,-71.056328
42.356902,-71.055750 NORTHWEST 42.357584,-71.056413
42.356902,-71.055750 SOUTHEAST 42.356068,-71.054886
42.357714,-71.064642 WEST 42.357670,-71.065093
42.357366,-71.061074 SOUTHEAST 42.357051,-71.060363
42.357366,-71.061074 NORTHEAST 42.358000,-71.060461
42.357366,-71.061074 SOUTHWEST 42.357174,-71.061273
42.363483,-71.052777 WEST 42.363310,-71.053827
42.363483,-71.052777 NORTHWEST 42.363936,-71.053089
42.363483,-71.052777 EAST 42.363676,-71.052120
42.357990,-71.055445 EAST 42.357933,-71.055094
42.357990,-71.055445 SOUTH 42.357802,-71.055361
42.357990,-71.055445 NORTH 42.358148,-71.055521
42.367188,-71.052507 SOUTH 42.365565,-71.052951
42.367188,-71.052507 WEST 42.368226,-71.056643
42.367188,-71.052507 SOUTHEAST 42.366124,-71.051274
42.366366,-71.058479 SOUTH 42.365462,-71.058395
42.363698,-71.055368 SOUTHEAST 42.363404,-71.054891
42.363404,-71.054891 NORTHEAST 42.363641,-71.054661
42.363404,-71.054891 NORTHWEST 42.363698,-71.055368
42.363404,-71.054891 SOUTHWEST 42.362930,-71.055326
42.358649,-71.054373 SOUTH 42.358337,-71.054208
42.358649,-71.054373 EAST 42.358805,-71.053800
42.358649,-71.054373 NORTH 42.359204,-71.054650
42.356801,-71.060432 SOUTHWEST 42.356429,-71.060782
42.356801,-71.060432 SOUTHEAST 42.356709,-71.060238
42.356801,-71.060432 NORTHWEST 42.357174,-71.061273
42.356709,-71.060238 NORTHEAST 42.357697,-71.059360
42.356709,-71.060238 NORTHWEST 42.356801,-71.060432
42.356709,-71.060238 EAST 42.356983,-71.058765
42.362920,-71.051494 SOUTHEAST 42.362628,-71.051005
42.360063,-71.065570 EAST 42.360069,-71.065079
42.356511,-71.061982 SOUTHWEST 42.355639,-71.062912
42.356511,-71.061982 NORTHWEST 42.357707,-71.063236
42.356511,-71.061982 NORTHEAST 42.357174,-71.061273
42.357292,-71.072654 EAST 42.357427,-71.071994
42.360069,-71.065079 NORTH 42.361137,-71.065156
42.360069,-71.065079 WEST 42.360063,-71.065570
42.360069,-71.065079 SOUTH 42.359347,-71.065039
42.356453,-71.070043 WEST 42.356123,-71.071466
42.356453,-71.070043 NORTH 42.356921,-71.070284
42.356453,-71.070043 SOUTH 42.356105,-71.069855
42.356624,-71.071669 WEST 42.356357,-71.072934
42.356624,-71.071669 SOUTH 42.356260,-71.071522
42.356624,-71.071669 NORTH 42.357069,-71.071849
42.356624,-71.071669 EAST 42.356921,-71.070284
42.358044,-71.056544 NORTH 42.358837,-71.056792
42.358044,-71.056544 SOUTH 42.357584,-71.056413
42.358044,-71.056544 EAST 42.358248,-71.055567
42.356921,-71.070284 EAST 42.357018,-71.069875
42.356921,-71.070284 NORTHWEST 42.357377,-71.070548
42.356921,-71.070284 SOUTH 42.356453,-71.070043
42.356921,-71.070284 WEST 42.356624,-71.071669
42.357001,-71.065792 EAST 42.357165,-71.065086
42.357001,-71.065792 WEST 42.356593,-71.067615
42.357001,-71.065792 NORTH 42.357831,-71.066103
42.361399,-71.070593 NORTH 42.362508,-71.070703
42.361399,-71.070593 SOUTHWEST 42.360956,-71.070905
42.361399,-71.070593 EAST 42.361201,-71.068730
42.356698,-71.069703 SOUTH 42.356208,-71.069440
42.356698,-71.069703 NORTH 42.357018,-71.069875
42.356698,-71.069703 EAST 42.357107,-71.067819
42.356593,-71.067615 WEST 42.356208,-71.069440
42.356593,-71.067615 NORTH 42.357107,-71.067819
42.356593,-71.067615 EAST 42.357001,-71.065792
42.359769,-71.050931 EAST 42.360181,-71.048338
42.359769,-71.050931 SOUTH 42.359178,-71.050891
42.359769,-71.050931 WEST 42.359631,-71.051804
42.359631,-71.051804 SOUTH 42.359061,-71.051639
42.359631,-71.051804 EAST 42.359769,-71.050931
42.359631,-71.051804 WEST 42.359532,-71.052435
42.359631,-71.051804 NORTHWEST 42.360931,-71.052795
42.357018,-71.069875 EAST 42.357094,-71.069471
42.357018,-71.069875 SOUTH 42.356698,-71.069703
42.357018,-71.069875 WEST 42.356921,-71.070284
42.357018,-71.069875 NORTH 42.357781,-71.070284
42.364362,-71.055555 SOUTH 42.364123,-71.055563
42.364362,-71.055555 NORTH 42.364740,-71.055527
42.364362,-71.055555 WEST 42.364465,-71.056689
42.364779,-71.053461 SOUTHEAST 42.364674,-71.053176
42.364779,-71.053461 NORTHEAST 42.365089,-71.053176
42.364779,-71.053461 SOUTHWEST 42.364320,-71.053919
42.364779,-71.053461 NORTHWEST 42.365009,-71.053835
42.357933,-71.055094 NORTHEAST 42.358337,-71.054208
42.357933,-71.055094 SOUTHWEST 42.357802,-71.055361
42.357933,-71.055094 SOUTHEAST 42.357684,-71.054421
42.357933,-71.055094 WEST 42.357990,-71.055445
42.355570,-71.072040 WEST 42.355533,-71.072190
42.355570,-71.072040 EAST 42.355739,-71.071311
42.355570,-71.072040 NORTH 42.356079,-71.072288
42.359340,-71.053543 NORTHWEST 42.359667,-71.054397
42.359340,-71.053543 WEST 42.359266,-71.054074
42.359340,-71.053543 EAST 42.359370,-71.053348
42.357802,-71.055361 SOUTH 42.357650,-71.055290
42.357802,-71.055361 NORTHEAST 42.357933,-71.055094
42.357802,-71.055361 WEST 42.357584,-71.056413
42.357802,-71.055361 NORTH 42.357990,-71.055445
42.363836,-71.057263 EAST 42.363838,-71.057243
42.363836,-71.057263 WEST 42.363814,-71.057673
42.363836,-71.057263 NORTH 42.364434,-71.057319
42.363871,-71.056639 WEST 42.363838,-71.057243
42.363871,-71.056639 SOUTHEAST 42.363594,-71.055866
42.363871,-71.056639 NORTH 42.364127,-71.056657
42.364109,-71.068579 SOUTH 42.364021,-71.068612
42.364109,-71.068579 EAST 42.364002,-71.067480
42.364109,-71.068579 NORTH 42.364782,-71.068324
42.364109,-71.068579 WEST 42.364374,-71.069741
42.363814,-71.057673 NORTHWEST 42.364368,-71.058209
42.363814,-71.057673 EAST 42.363836,-71.057263
42.363814,-71.057673 SOUTHEAST 42.363377,-71.057199
42.358248,-71.055567 NORTH 42.358971,-71.055908
42.358248,-71.055567 WEST 42.358044,-71.056544
42.358248,-71.055567 SOUTH 42.358148,-71.055521
42.364782,-71.068324 SOUTH 42.364109,-71.068579
42.363594,-71.055866 SOUTHWEST 42.362829,-71.056315
42.363594,-71.055866 NORTHEAST 42.363880,-71.055682
42.363594,-71.055866 NORTHWEST 42.363871,-71.056639
42.364021,-71.068612 NORTH 42.364109,-71.068579
42.364021,-71.068612 EAST 42.363915,-71.067514
42.364021,-71.068612 WEST 42.364287,-71.069783
42.365283,-71.053066 SOUTHWEST 42.365089,-71.053176
42.365283,-71.053066 EAST 42.364937,-71.051788
42.365283,-71.053066 NORTH 42.365565,-71.052951
42.353625,-71.056190 SOUTHWEST 42.353231,-71.056869
42.353625,-71.056190 NORTH 42.355503,-71.056529
42.353625,-71.056190 NORTHEAST 42.354654,-71.054661
42.363568,-71.062106 WEST 42.363893,-71.063375
42.363568,-71.062106 NORTH 42.363660,-71.062082
42.363568,-71.062106 EAST 42.363391,-71.061425
42.357174,-71.061273 SOUTHWEST 42.356511,-71.061982
42.357174,-71.061273 NORTHEAST 42.357366,-71.061074
42.357174,-71.061273 SOUTHEAST 42.356801,-71.060432
42.363391,-71.061425 WEST 42.363568,-71.062106
42.363391,-71.061425 NORTHEAST 42.363457,-71.061322
42.363391,-71.061425 EAST 42.363005,-71.059944
42.363377,-71.057199 NORTHWEST 42.363814,-71.057673
42.363377,-71.057199 SOUTHEAST 42.363206,-71.056947
42.363377,-71.057199 NORTH 42.363838,-71.057243
42.364937,-71.051788 SOUTH 42.364196,-71.051789
42.364937,-71.051788 WEST 42.365283,-71.053066
42.364937,-71.051788 EAST 42.364827,-71.051065
42.364937,-71.051788 NORTH 42.365261,-71.051766
42.356824,-71.056328 WEST 42.356788,-71.056761
42.356824,-71.056328 SOUTH 42.355627,-71.055689
42.356824,-71.056328 EAST 42.356902,-71.055750
42.356824,-71.056328 NORTH 42.357584,-71.056413
42.359370,-71.053348 SOUTH 42.358856,-71.053195
42.359370,-71.053348 EAST 42.359532,-71.052435
42.359370,-71.053348 WEST 42.359340,-71.053543
42.363986,-71.063332 SOUTH 42.363893,-71.063375
42.363986,-71.063332 EAST 42.363660,-71.062082
42.363986,-71.063332 NORTH 42.364220,-71.063271
42.363986,-71.063332 WEST 42.364010,-71.063423
42.361284,-71.057080 NORTH 42.361697,-71.057304
42.361284,-71.057080 NORTH 42.361589,-71.056925
42.361284,-71.057080 SOUTH 42.360387,-71.056709
42.359062,-71.062891 NORTH 42.359345,-71.062875
42.359062,-71.062891 SOUTH 42.357905,-71.062749
42.359062,-71.062891 EAST 42.359106,-71.062448
42.354483,-71.059138 SOUTHEAST 42.354090,-71.058622
42.354483,-71.059138 NORTH 42.355737,-71.058914
42.354483,-71.059138 NORTHEAST 42.355452,-71.058039
42.354483,-71.059138 SOUTHWEST 42.353609,-71.060296
42.361129,-71.066383 SOUTH 42.360339,-71.066378
42.361129,-71.066383 EAST 42.361129,-71.066003
42.361129,-71.066383 NORTH 42.361237,-71.066362
42.361129,-71.066383 WEST 42.361118,-71.066959
42.360273,-71.057157 NORTH 42.361535,-71.057590
42.360273,-71.057157 EAST 42.360387,-71.056709
42.360273,-71.057157 WEST 42.360231,-71.057302
42.360273,-71.057157 SOUTH 42.358837,-71.056792
42.362424,-71.058525 SOUTHWEST 42.361247,-71.060952
42.362424,-71.058525 SOUTHEAST 42.361472,-71.057730
42.362424,-71.058525 NORTHEAST 42.362480,-71.058376
42.362424,-71.058525 NORTHWEST 42.363005,-71.059944
42.363005,-71.059944 WEST 42.363391,-71.061425
42.363005,-71.059944 SOUTHEAST 42.362424,-71.058525
42.363005,-71.059944 SOUTHWEST 42.362176,-71.062269
42.363005,-71.059944 EAST 42.363062,-71.059704
42.364220,-71.063271 NORTHWEST 42.365301,-71.064130
42.364220,-71.063271 SOUTHWEST 42.364010,-71.063423
42.364220,-71.063271 SOUTH 42.363986,-71.063332
42.364220,-71.063271 NORTHEAST 42.364507,-71.062935
42.353337,-71.057880 NORTH 42.353524,-71.057801
42.353864,-71.062191 SOUTH 42.350958,-71.063001
42.353864,-71.062191 NORTHEAST 42.354348,-71.061732
42.353864,-71.062191 SOUTHEAST 42.353471,-71.061334
42.353675,-71.058025 NORTH 42.355140,-71.057498
42.353675,-71.058025 NORTHWEST 42.354090,-71.058622
42.353675,-71.058025 SOUTHEAST 42.353524,-71.057801
42.353297,-71.063799 NORTHEAST 42.354825,-71.062654
42.359291,-71.067707 SOUTH 42.358844,-71.067672
42.359291,-71.067707 NORTH 42.359544,-71.067725
42.359291,-71.067707 EAST 42.359306,-71.066830
42.359291,-71.067707 WEST 42.359282,-71.068604
42.356079,-71.072288 WEST 42.356060,-71.073080
42.356079,-71.072288 EAST 42.356260,-71.071522
42.356079,-71.072288 SOUTH 42.355570,-71.072040
42.359494,-71.070128 NORTH 42.360267,-71.070038
42.359494,-71.070128 EAST 42.359505,-71.069743
42.359494,-71.070128 WEST 42.359472,-71.070761
42.359494,-71.070128 SOUTH 42.358810,-71.069936
42.357280,-71.052249 EAST 42.357158,-71.051636
42.357280,-71.052249 NORTHWEST 42.357310,-71.052328
42.357280,-71.052249 SOUTHWEST 42.356738,-71.053086
42.357310,-71.052328 SOUTHEAST 42.357280,-71.052249
42.357310,-71.052328 NORTH 42.357760,-71.052466
42.357310,-71.052328 NORTHWEST 42.357436,-71.052676
42.356685,-71.051520 NORTH 42.357158,-71.051636
42.356685,-71.051520 WEST 42.356554,-71.052300
42.356685,-71.051520 SOUTH 42.355247,-71.052069
42.356685,-71.051520 EAST 42.356680,-71.050768
42.353325,-71.053273 NORTHWEST 42.353667,-71.053631
42.359096,-71.058945 NORTHWEST 42.361010,-71.061229
42.359096,-71.058945 EAST 42.359000,-71.058625
42.359000,-71.058625 WEST 42.359096,-71.058945
42.359000,-71.058625 EAST 42.358819,-71.057832
42.357158,-71.051636 NORTH 42.357809,-71.051928
42.357158,-71.051636 SOUTH 42.356685,-71.051520
42.357158,-71.051636 WEST 42.357280,-71.052249
42.364634,-71.059427 NORTHWEST 42.365455,-71.061152
42.364634,-71.059427 NORTHEAST 42.364892,-71.058983
42.364634,-71.059427 SOUTHWEST 42.364353,-71.059876
42.364892,-71.058983 SOUTHWEST 42.364634,-71.059427
42.364892,-71.058983 SOUTHEAST 42.364289,-71.058447
42.364892,-71.058983 NORTHEAST 42.365242,-71.058391
42.364892,-71.058983 NORTHWEST 42.366002,-71.060224
42.359319,-71.066354 NORTH 42.359578,-71.066358
42.359319,-71.066354 WEST 42.359306,-71.066830
42.359319,-71.066354 EAST 42.359325,-71.065961
42.359352,-71.064385 WEST 42.359347,-71.065039
42.359352,-71.064385 NORTH 42.361148,-71.064558
42.359352,-71.064385 EAST 42.359408,-71.063957
42.359352,-71.064385 SOUTHWEST 42.358340,-71.065080
42.361683,-71.051924 NORTHEAST 42.362239,-71.051062
42.361683,-71.051924 NORTHWEST 42.362017,-71.052609
42.361683,-71.051924 SOUTHWEST 42.360931,-71.052795
42.361920,-71.056911 SOUTHWEST 42.361697,-71.057304
42.361920,-71.056911 SOUTH 42.361589,-71.056925
42.361920,-71.056911 NORTHEAST 42.362017,-71.056740
42.355439,-71.057342 SOUTH 42.355140,-71.057498
42.355439,-71.057342 NORTH 42.356751,-71.057323
42.355439,-71.057342 EAST 42.355503,-71.056529
42.355439,-71.057342 WEST 42.355452,-71.058039
42.356983,-71.058765 NORTHEAST 42.357420,-71.058337
42.356983,-71.058765 SOUTHEAST 42.356746,-71.058060
42.356983,-71.058765 WEST 42.356709,-71.060238
42.358669,-71.052184 SOUTH 42.357809,-71.051928
42.358669,-71.052184 NORTH 42.358947,-71.052263
42.358669,-71.052184 WEST 42.358468,-71.053282
42.358669,-71.052184 EAST 42.358766,-71.051560
42.355452,-71.058039 NORTH 42.356740,-71.057821
42.355452,-71.058039 EAST 42.355439,-71.057342
42.355452,-71.058039 NORTHWEST 42.355737,-71.058914
42.355452,-71.058039 SOUTHWEST 42.354483,-71.059138
42.356805,-71.052404 SOUTH 42.356554,-71.052300
42.355143,-71.063361 SOUTH 42.352665,-71.064472
42.355143,-71.063361 NORTHEAST 42.355639,-71.062912
42.355143,-71.063361 SOUTHEAST 42.354825,-71.062654
42.354825,-71.062654 SOUTHEAST 42.354348,-71.061732
42.354825,-71.062654 SOUTHWEST 42.353297,-71.063799
42.354825,-71.062654 NORTHWEST 42.355143,-71.063361
42.358766,-71.051560 SOUTH 42.357886,-71.051349
42.358766,-71.051560 NORTH 42.359061,-71.051639
42.358766,-71.051560 NORTHEAST 42.359178,-71.050891
42.358766,-71.051560 WEST 42.358669,-71.052184
42.365766,-71.054258 SOUTHEAST 42.365089,-71.053176
42.365766,-71.054258 SOUTHWEST 42.365529,-71.054570
42.365766,-71.054258 NORTHWEST 42.366167,-71.054900
42.365089,-71.053176 NORTHEAST 42.365283,-71.053066
42.365089,-71.053176 SOUTHWEST 42.364779,-71.053461
42.365089,-71.053176 NORTHWEST 42.365766,-71.054258
42.365529,-71.054570 SOUTHEAST 42.365114,-71.053984
42.365529,-71.054570 NORTHWEST 42.365886,-71.055089
42.365529,-71.054570 NORTHEAST 42.365766,-71.054258
42.361148,-71.064558 WEST 42.361137,-71.065156
42.361148,-71.064558 EAST 42.361157,-71.064153
42.361148,-71.064558 SOUTH 42.359352,-71.064385
42.359204,-71.054650 EAST 42.359249,-71.054266
42.359204,-71.054650 SOUTH 42.358649,-71.054373
42.359204,-71.054650 WEST 42.359059,-71.055442
42.360231,-71.057302 SOUTH 42.359055,-71.056958
42.360231,-71.057302 NORTH 42.361472,-71.057730
42.360231,-71.057302 EAST 42.360273,-71.057157
42.357355,-71.068242 EAST 42.357418,-71.067937
42.357355,-71.068242 NORTH 42.358007,-71.068515
42.357355,-71.068242 WEST 42.357166,-71.069106
42.357166,-71.069106 NORTH 42.357896,-71.069477
42.357166,-71.069106 WEST 42.357094,-71.069471
42.357166,-71.069106 EAST 42.357355,-71.068242
42.357977,-71.068787 WEST 42.357896,-71.069477
42.357977,-71.068787 NORTH 42.358823,-71.068983
42.357977,-71.068787 EAST 42.358007,-71.068515
42.353524,-71.057801 SOUTH 42.353337,-71.057880
42.353524,-71.057801 NORTHWEST 42.353675,-71.058025
42.353524,-71.057801 SOUTHEAST 42.353346,-71.057391
42.360823,-71.053716 NORTHWEST 42.361432,-71.054905
42.360823,-71.053716 SOUTHEAST 42.360567,-71.053240
42.360823,-71.053716 WEST 42.360721,-71.055893
42.358788,-71.070722 EAST 42.358799,-71.070311
42.358788,-71.070722 WEST 42.358771,-71.071715
42.358788,-71.070722 NORTH 42.359472,-71.070761
42.358788,-71.070722 SOUTH 42.357781,-71.070284
42.364740,-71.055527 NORTH 42.365212,-71.055486
42.364740,-71.055527 SOUTH 42.364362,-71.055555
42.364740,-71.055527 WEST 42.364807,-71.056059
42.357696,-71.070707 NORTHWEST 42.358106,-71.071001
42.357696,-71.070707 SOUTH 42.357377,-71.070548
42.357696,-71.070707 WEST 42.357427,-71.071994
42.357696,-71.070707 EAST 42.357781,-71.070284
42.359472,-71.070761 EAST 42.359494,-71.070128
42.359472,-71.070761 SOUTH 42.358788,-71.070722
42.359472,-71.070761 NORTH 42.360956,-71.070905
42.359472,-71.070761 WEST 42.359448,-71.072118
42.365342,-71.051104 EAST 42.365247,-71.049357
42.365342,-71.051104 NORTH 42.366124,-71.051274
42.365342,-71.051104 SOUTH 42.364827,-71.051065
42.365512,-71.056624 SOUTHWEST 42.365394,-71.056770
42.365512,-71.056624 NORTHEAST 42.365722,-71.056364
42.365512,-71.056624 NORTHWEST 42.365616,-71.056805
42.355140,-71.057498 NORTH 42.355439,-71.057342
42.355140,-71.057498 SOUTHWEST 42.354090,-71.058622
42.355140,-71.057498 SOUTH 42.353675,-71.058025
42.365261,-71.051766 WEST 42.365565,-71.052951
42.365261,-71.051766 NORTHEAST 42.366124,-71.051274
42.365261,-71.051766 SOUTH 42.364937,-71.051788
42.358106,-71.071001 SOUTHEAST 42.357696,-71.070707
42.365301,-71.064130 SOUTHEAST 42.364220,-71.063271
42.365301,-71.064130 SOUTHWEST 42.365184,-71.064348
42.365301,-71.064130 NORTH 42.365883,-71.063895
42.365301,-71.064130 NORTHWEST 42.366976,-71.067909
42.356429,-71.060782 NORTHEAST 42.356801,-71.060432
42.368226,-71.056643 EAST 42.367188,-71.052507
42.353471,-71.061334 SOUTH 42.352484,-71.061425
42.353471,-71.061334 NORTHWEST 42.353864,-71.062191
42.353471,-71.061334 SOUTHEAST 42.353160,-71.060721
42.366193,-71.055522 SOUTHWEST 42.365498,-71.055956
42.361201,-71.068730 WEST 42.361399,-71.070593
42.361201,-71.068730 NORTH 42.362172,-71.068627
42.361201,-71.068730 EAST 42.361223,-71.067856
42.358148,-71.055521 EAST 42.358150,-71.055204
42.358148,-71.055521 NORTH 42.358248,-71.055567
42.358148,-71.055521 SOUTH 42.357990,-71.055445
42.361223,-71.067856 EAST 42.361232,-71.066972
42.361223,-71.067856 WEST 42.361201,-71.068730
42.361223,-71.067856 NORTH 42.362179,-71.067902
42.358150,-71.055204 WEST 42.358148,-71.055521
42.364353,-71.059876 NORTHWEST 42.365455,-71.061152
42.364353,-71.059876 NORTHEAST 42.364634,-71.059427
42.364353,-71.059876 SOUTHEAST 42.363556,-71.058984
42.364353,-71.059876 SOUTHWEST 42.363985,-71.060477
42.365455,-71.061152 SOUTHEAST 42.364634,-71.059427
42.365455,-71.061152 SOUTHEAST 42.364353,-71.059876
42.365455,-71.061152 SOUTHWEST 42.365126,-71.061777
42.365455,-71.061152 NORTHWEST 42.365545,-71.061245
42.365126,-71.061777 NORTHEAST 42.365455,-71.061152
42.365126,-71.061777 SOUTHEAST 42.363985,-71.060477
42.365126,-71.061777 SOUTHWEST 42.364819,-71.062278
42.365126,-71.061777 NORTHWEST 42.365210,-71.061871
42.357975,-71.053997 NORTHEAST 42.358468,-71.053282
42.357975,-71.053997 NORTHWEST 42.358337,-71.054208
42.357975,-71.053997 SOUTHWEST 42.357684,-71.054421
42.357975,-71.053997 SOUTHEAST 42.357700,-71.053366
42.357107,-71.067819 NORTH 42.357418,-71.067937
42.357107,-71.067819 WEST 42.356698,-71.069703
42.357107,-71.067819 SOUTH 42.356593,-71.067615
42.360181,-71.048338 WEST 42.359769,-71.050931
42.349368,-71.086815 EAST 42.353493,-71.071490
42.364374,-71.069741 EAST 42.364109,-71.068579
42.364374,-71.069741 SOUTH 42.364287,-71.069783
42.364374,-71.069741 NORTH 42.365439,-71.069164
42.353609,-71.060296 SOUTHEAST 42.353381,-71.059852
42.353609,-71.060296 SOUTHWEST 42.353160,-71.060721
42.353609,-71.060296 NORTHEAST 42.354483,-71.059138
42.353846,-71.071676 NORTH 42.354648,-71.072069
42.353846,-71.071676 WEST 42.349727,-71.086934
42.353846,-71.071676 SOUTH 42.353493,-71.071490
42.366124,-71.051274 SOUTH 42.365342,-71.051104
42.366124,-71.051274 NORTHWEST 42.367188,-71.052507
42.366124,-71.051274 SOUTHWEST 42.365261,-71.051766
42.365247,-71.049357 WEST 42.365342,-71.051104
42.359505,-71.069743 WEST 42.359494,-71.070128
42.359505,-71.069743 EAST 42.359539,-71.068617
42.359505,-71.069743 EAST 42.359282,-71.068604
42.367240,-71.067098 SOUTHEAST 42.365470,-71.064637
42.362529,-71.052604 SOUTHWEST 42.362232,-71.052938
42.364206,-71.052652 SOUTHWEST 42.363936,-71.053089
42.364206,-71.052652 NORTHEAST 42.364390,-71.052353
42.364206,-71.052652 SOUTHEAST 42.363676,-71.052120
