42.359204,-71.054650 42.364819,-71.062278 NORTHWEST
42.359204,-71.054650 42.358275,-71.061496 WEST
42.359204,-71.054650 42.363660,-71.062082 NORTHWEST
42.359204,-71.054650 42.352803,-71.059442 SOUTHWEST
42.359204,-71.054650 42.364289,-71.058447 NORTHWEST
42.359204,-71.054650 42.352917,-71.056257 SOUTH
42.359204,-71.054650 42.352803,-71.059442 SOUTHWEST
42.359204,-71.054650 42.363660,-71.062082 NORTHWEST
42.359204,-71.054650 42.363660,-71.062082 NORTHWEST
42.359204,-71.054650 42.357366,-71.061074 WEST
42.359106,-71.062448 42.357781,-71.070284 WEST
42.359106,-71.062448 42.365210,-71.061871 NORTH
42.359106,-71.062448 42.358823,-71.068983 WEST
42.359106,-71.062448 42.364634,-71.059427 NORTH
42.359106,-71.062448 42.356921,-71.070284 WEST
42.359106,-71.062448 42.352508,-71.061142 SOUTH
42.359106,-71.062448 42.355739,-71.071311 SOUTHWEST
42.359106,-71.062448 42.363594,-71.055866 NORTHEAST
42.359106,-71.062448 42.356123,-71.071466 SOUTHWEST
42.359106,-71.062448 42.360310,-71.067801 WEST
42.359118,-71.068604 42.363424,-71.066558 NORTH
42.359118,-71.068604 42.359345,-71.062875 EAST
42.359118,-71.068604 42.361183,-71.062882 NORTHEAST
42.359118,-71.068604 42.363915,-71.067514 NORTH
42.359118,-71.068604 42.356123,-71.071466 SOUTHWEST
42.359118,-71.068604 42.356105,-71.069855 SOUTH
42.359118,-71.068604 42.361183,-71.062882 NORTHEAST
42.359118,-71.068604 42.362194,-71.063911 NORTHEAST
42.359118,-71.068604 42.364109,-71.068579 NORTH
42.359118,-71.068604 42.356260,-71.071522 SOUTHWEST
42.359118,-71.068604 42.356511,-71.061982 SOUTHEAST
42.359118,-71.068604 42.364109,-71.068579 NORTH
42.359118,-71.068604 42.363915,-71.067514 NORTH
42.359118,-71.068604 42.356105,-71.069855 SOUTH
42.359118,-71.068604 42.361290,-71.063716 NORTHEAST
42.359118,-71.068604 42.364109,-71.068579 NORTH
42.359118,-71.068604 42.363424,-71.066558 NORTH
42.359118,-71.068604 42.363424,-71.066558 NORTH
42.359118,-71.068604 42.357905,-71.062749 EAST
42.359118,-71.068604 42.356357,-71.072934 SOUTHWEST
42.361565,-71.055182 42.356068,-71.054886 SOUTH
42.361565,-71.055182 42.362194,-71.063911 WEST
42.361565,-71.055182 42.358150,-71.055204 SOUTH
42.361565,-71.055182 42.365283,-71.053066 NORTHEAST
42.361565,-71.055182 42.363399,-71.063714 WEST
42.361565,-71.055182 42.365261,-71.051766 NORTHEAST
42.361565,-71.055182 42.365529,-71.054570 NORTH
42.361565,-71.055182 42.361237,-71.066362 WEST
42.361565,-71.055182 42.365722,-71.056364 NORTH
42.361565,-71.055182 42.366167,-71.054900 NORTH
42.364054,-71.053431 42.361535,-71.057590 SOUTHWEST
42.364054,-71.053431 42.361589,-71.056925 SOUTHWEST
42.364054,-71.053431 42.363879,-71.058429 WEST
42.364054,-71.053431 42.358947,-71.052263 SOUTH
42.364054,-71.053431 42.360181,-71.048338 SOUTHEAST
42.364054,-71.053431 42.359178,-71.050891 SOUTH
42.364054,-71.053431 42.360181,-71.048338 SOUTHEAST
42.364054,-71.053431 42.365462,-71.058395 WEST
42.364054,-71.053431 42.360181,-71.048338 SOUTHEAST
42.364054,-71.053431 42.364892,-71.058983 WEST
42.360181,-71.048338 42.358044,-71.056544 WEST
42.360181,-71.048338 42.361920,-71.056911 WEST
42.360181,-71.048338 42.358044,-71.056544 WEST
42.360181,-71.048338 42.358148,-71.055521 WEST
42.360181,-71.048338 42.364054,-71.053431 NORTHWEST
42.360181,-71.048338 42.358044,-71.056544 WEST
42.360181,-71.048338 42.358044,-71.056544 WEST
42.360181,-71.048338 42.354138,-71.054107 SOUTHWEST
42.360181,-71.048338 42.363698,-71.055368 NORTHWEST
42.360181,-71.048338 42.364390,-71.052353 NORTHWEST
42.355439,-71.057342 42.360931,-71.052795 NORTHEAST
42.355439,-71.057342 42.357165,-71.065086 WEST
42.355439,-71.057342 42.360931,-71.052795 NORTHEAST
42.355439,-71.057342 42.358766,-71.051560 NORTHEAST
42.355439,-71.057342 42.362829,-71.056315 NORTH
42.355439,-71.057342 42.358856,-71.053195 NORTHEAST
42.355439,-71.057342 42.361166,-71.063817 NORTHWEST
42.355439,-71.057342 42.361286,-71.063829 NORTHWEST
42.355439,-71.057342 42.363457,-71.061322 NORTH
42.355439,-71.057342 42.358947,-71.052263 NORTHEAST
42.366413,-71.054724 42.365242,-71.058391 SOUTHWEST
42.366413,-71.054724 42.365242,-71.058391 SOUTHWEST
42.366413,-71.054724 42.364754,-71.058379 SOUTHWEST
42.366413,-71.054724 42.362792,-71.051929 SOUTHEAST
42.366413,-71.054724 42.362920,-71.051494 SOUTHEAST
42.366413,-71.054724 42.362152,-71.056507 SOUTH
42.366413,-71.054724 42.364754,-71.058379 SOUTHWEST
42.366413,-71.054724 42.363206,-71.056947 SOUTHWEST
42.366413,-71.054724 42.361229,-71.053295 SOUTH
42.366413,-71.054724 42.362792,-71.051929 SOUTHEAST
42.359325,-71.065961 42.365439,-71.069164 NORTH
42.359325,-71.065961 42.356801,-71.060432 SOUTHEAST
42.359325,-71.065961 42.358770,-71.072308 WEST
42.359325,-71.065961 42.365301,-71.064130 NORTH
42.359325,-71.065961 42.357427,-71.071994 SOUTHWEST
42.359325,-71.065961 42.356709,-71.060238 SOUTHEAST
42.359325,-71.065961 42.354348,-71.061732 SOUTHEAST
42.359325,-71.065961 42.356709,-71.060238 SOUTHEAST
42.359325,-71.065961 42.356007,-71.070176 SOUTHWEST
42.359325,-71.065961 42.355143,-71.063361 SOUTHEAST
42.353160,-71.060721 42.358337,-71.054208 NORTHEAST
42.353160,-71.060721 42.358307,-71.066284 NORTHWEST
42.353160,-71.060721 42.358307,-71.066284 NORTHWEST
42.353160,-71.060721 42.357684,-71.054421 NORTHEAST
42.353160,-71.060721 42.354047,-71.052873 EAST
42.353160,-71.060721 42.357684,-71.054421 NORTHEAST
42.353160,-71.060721 42.359059,-71.055442 NORTHEAST
42.353160,-71.060721 42.356425,-71.052806 NORTHEAST
42.353160,-71.060721 42.357444,-71.053779 NORTHEAST
42.353160,-71.060721 42.356425,-71.052806 NORTHEAST
42.363391,-71.061425 42.356429,-71.060782 SOUTH
42.363391,-71.061425 42.359567,-71.066843 SOUTHWEST
42.363391,-71.061425 42.362179,-71.067902 WEST
42.363391,-71.061425 42.360647,-71.066995 SOUTHWEST
42.363391,-71.061425 42.362179,-71.067902 WEST
42.363391,-71.061425 42.358649,-71.054373 SOUTHEAST
42.363391,-71.061425 42.359340,-71.053543 SOUTHEAST
42.363391,-71.061425 42.359249,-71.054266 SOUTHEAST
42.363391,-71.061425 42.357650,-71.055290 SOUTHEAST
42.363391,-71.061425 42.355639,-71.062912 SOUTH
42.363594,-71.055866 42.357663,-71.058094 SOUTH
42.363594,-71.055866 42.365261,-71.051766 NORTHEAST
42.363594,-71.055866 42.359106,-71.062448 SOUTHWEST
42.363594,-71.055866 42.359340,-71.053543 SOUTH
42.363594,-71.055866 42.364220,-71.063271 WEST
42.363594,-71.055866 42.357663,-71.058094 SOUTH
42.363594,-71.055866 42.356902,-71.055750 SOUTH
42.363594,-71.055866 42.357663,-71.058094 SOUTH
42.363594,-71.055866 42.359204,-71.054650 SOUTH
42.363594,-71.055866 42.357697,-71.059360 SOUTHWEST
42.362829,-71.056315 42.359466,-71.063060 SOUTHWEST
42.362829,-71.056315 42.355439,-71.057342 SOUTH
42.362829,-71.056315 42.358649,-71.054373 SOUTH
42.362829,-71.056315 42.355439,-71.057342 SOUTH
42.362829,-71.056315 42.363399,-71.063714 WEST
42.362829,-71.056315 42.365342,-71.051104 NORTHEAST
42.362829,-71.056315 42.359427,-71.063561 SOUTHWEST
42.362829,-71.056315 42.366124,-71.051274 NORTHEAST
42.362829,-71.056315 42.366124,-71.051274 NORTHEAST
42.362829,-71.056315 42.359345,-71.062875 SOUTHWEST
42.365242,-71.058391 42.365089,-71.053176 EAST
42.365242,-71.058391 42.363481,-71.051910 EAST
42.365242,-71.058391 42.361229,-71.053295 SOUTHEAST
42.365242,-71.058391 42.362232,-71.052938 SOUTHEAST
42.365242,-71.058391 42.358845,-71.057136 SOUTH
42.365242,-71.058391 42.365766,-71.054258 EAST
42.365242,-71.058391 42.360567,-71.053240 SOUTHEAST
42.365242,-71.058391 42.363483,-71.052777 SOUTHEAST
42.365242,-71.058391 42.363917,-71.063468 WEST
42.365242,-71.058391 42.359055,-71.056958 SOUTH
42.357896,-71.069477 42.364782,-71.068324 NORTH
42.357896,-71.069477 42.355463,-71.072492 SOUTHWEST
42.357896,-71.069477 42.360900,-71.061317 NORTHEAST
42.357896,-71.069477 42.355463,-71.072492 SOUTHWEST
42.357896,-71.069477 42.362194,-71.063911 NORTHEAST
42.357896,-71.069477 42.362194,-71.063911 NORTHEAST
42.357896,-71.069477 42.355143,-71.063361 SOUTHEAST
42.357896,-71.069477 42.362174,-71.063800 NORTHEAST
42.357896,-71.069477 42.364782,-71.068324 NORTH
42.357896,-71.069477 42.354648,-71.072069 SOUTHWEST
42.365498,-71.055956 42.360567,-71.053240 SOUTH
42.365498,-71.055956 42.361920,-71.056911 SOUTH
42.365498,-71.055956 42.361393,-71.055313 SOUTH
42.365498,-71.055956 42.360509,-71.053155 SOUTHEAST
42.365498,-71.055956 42.361920,-71.056911 SOUTH
42.365498,-71.055956 42.359631,-71.051804 SOUTHEAST
42.365498,-71.055956 42.359631,-71.051804 SOUTHEAST
42.365498,-71.055956 42.360567,-71.053240 SOUTH
42.365498,-71.055956 42.361393,-71.055313 SOUTH
42.365498,-71.055956 42.361393,-71.055313 SOUTH
42.363377,-71.063611 42.360267,-71.070038 SOUTHWEST
42.363377,-71.063611 42.357977,-71.068787 SOUTHWEST
42.363377,-71.063611 42.362060,-71.054919 EAST
42.363377,-71.063611 42.355639,-71.062912 SOUTH
42.363377,-71.063611 42.359539,-71.068617 SOUTHWEST
42.363377,-71.063611 42.357001,-71.065792 SOUTH
42.363377,-71.063611 42.360721,-71.055893 SOUTHEAST
42.363377,-71.063611 42.357001,-71.065792 SOUTH
42.363377,-71.063611 42.364368,-71.058209 EAST
42.363377,-71.063611 42.363814,-71.057673 EAST
42.358845,-71.057136 42.364010,-71.063423 NORTHWEST
42.358845,-71.057136 42.355353,-71.050320 SOUTHEAST
42.358845,-71.057136 42.362381,-71.053162 NORTHEAST
42.358845,-71.057136 42.361129,-71.066003 WEST
42.358845,-71.057136 42.363096,-71.054075 NORTHEAST
42.358845,-71.057136 42.362673,-71.054046 NORTHEAST
42.358845,-71.057136 42.363641,-71.054661 NORTH
42.358845,-71.057136 42.364402,-71.057764 NORTH
42.358845,-71.057136 42.361232,-71.066972 WEST
42.358845,-71.057136 42.357001,-71.065792 WEST
42.366413,-71.054724 42.362920,-71.051494 SOUTHEAST
42.366413,-71.054724 42.362792,-71.051929 SOUTHEAST
42.366413,-71.054724 42.365242,-71.058391 SOUTHWEST
42.366413,-71.054724 42.362920,-71.051494 SOUTHEAST
42.366413,-71.054724 42.365726,-71.057891 WEST
42.366413,-71.054724 42.362529,-71.052604 SOUTH
42.366413,-71.054724 42.361229,-71.053295 SOUTH
42.366413,-71.054724 42.362529,-71.052604 SOUTH
42.366413,-71.054724 42.364754,-71.058379 SOUTHWEST
42.366413,-71.054724 42.362239,-71.051062 SOUTHEAST
42.363483,-71.052777 42.358669,-71.052184 SOUTH
42.363483,-71.052777 42.365890,-71.057253 NORTHWEST
42.363483,-71.052777 42.357886,-71.051349 SOUTH
42.363483,-71.052777 42.364754,-71.058379 WEST
42.363483,-71.052777 42.358856,-71.053195 SOUTH
42.363483,-71.052777 42.360387,-71.056709 SOUTHWEST
42.363483,-71.052777 42.361472,-71.057730 SOUTHWEST
42.363483,-71.052777 42.361247,-71.060952 WEST
42.363483,-71.052777 42.358856,-71.053195 SOUTH
42.363483,-71.052777 42.361472,-71.057730 SOUTHWEST
42.358649,-71.054373 42.356801,-71.060432 WEST
42.358649,-71.054373 42.363457,-71.061322 NORTHWEST
42.358649,-71.054373 42.362829,-71.056315 NORTH
42.358649,-71.054373 42.353609,-71.060296 SOUTHWEST
42.358649,-71.054373 42.356801,-71.060432 WEST
42.358649,-71.054373 42.362381,-71.053162 NORTH
42.358649,-71.054373 42.357366,-71.061074 WEST
42.358649,-71.054373 42.362829,-71.056315 NORTH
42.358649,-71.054373 42.353524,-71.057801 SOUTHWEST
42.358649,-71.054373 42.361307,-71.062865 NORTHWEST
42.365126,-71.061777 42.365722,-71.056364 EAST
42.365126,-71.061777 42.364123,-71.055563 EAST
42.365126,-71.061777 42.357697,-71.059360 SOUTH
42.365126,-71.061777 42.364265,-71.066347 WEST
42.365126,-71.061777 42.364123,-71.055563 EAST
42.365126,-71.061777 42.357697,-71.059360 SOUTH
42.365126,-71.061777 42.356824,-71.056328 SOUTHEAST
42.365126,-71.061777 42.364740,-71.055527 EAST
42.365126,-71.061777 42.361234,-71.066856 SOUTHWEST
42.365126,-71.061777 42.357802,-71.055361 SOUTHEAST
42.367240,-71.067098 42.360339,-71.066378 SOUTH
42.367240,-71.067098 42.361129,-71.066003 SOUTH
42.367240,-71.067098 42.362771,-71.057507 SOUTHEAST
42.367240,-71.067098 42.364109,-71.068579 SOUTH
42.367240,-71.067098 42.362194,-71.066993 SOUTH
42.367240,-71.067098 42.360339,-71.066378 SOUTH
42.367240,-71.067098 42.360339,-71.066378 SOUTH
42.367240,-71.067098 42.361148,-71.064558 SOUTH
42.367240,-71.067098 42.361232,-71.066972 SOUTH
42.367240,-71.067098 42.361232,-71.066972 SOUTH
42.354825,-71.062654 42.361290,-71.063716 NORTH
42.354825,-71.062654 42.361148,-71.064558 NORTH
42.354825,-71.062654 42.359408,-71.063957 NORTH
42.354825,-71.062654 42.359408,-71.063957 NORTH
42.354825,-71.062654 42.355627,-71.055689 EAST
42.354825,-71.062654 42.361148,-71.064558 NORTH
42.354825,-71.062654 42.358844,-71.067672 NORTHWEST
42.354825,-71.062654 42.359408,-71.063957 NORTH
42.354825,-71.062654 42.359347,-71.065039 NORTH
42.354825,-71.062654 42.355627,-71.055689 EAST
42.357427,-71.071994 42.353493,-71.071490 SOUTH
42.357427,-71.071994 42.361148,-71.064558 NORTHEAST
42.357427,-71.071994 42.358071,-71.064714 EAST
42.357427,-71.071994 42.356511,-71.061982 EAST
42.357427,-71.071994 42.357905,-71.062749 EAST
42.357427,-71.071994 42.360069,-71.065079 NORTHEAST
42.357427,-71.071994 42.359408,-71.063957 EAST
42.357427,-71.071994 42.362195,-71.066870 NORTHEAST
42.357427,-71.071994 42.359408,-71.063957 EAST
42.357427,-71.071994 42.364002,-71.067480 NORTHEAST
42.356801,-71.060432 42.360069,-71.065079 NORTHWEST
42.356801,-71.060432 42.363568,-71.062106 NORTH
42.356801,-71.060432 42.361137,-71.065156 NORTHWEST
42.356801,-71.060432 42.356123,-71.071466 WEST
42.356801,-71.060432 42.354950,-71.054338 EAST
42.356801,-71.060432 42.359325,-71.065961 NORTHWEST
42.356801,-71.060432 42.355739,-71.071311 WEST
42.356801,-71.060432 42.352836,-71.067617 SOUTHWEST
42.356801,-71.060432 42.360721,-71.055893 NORTHEAST
42.356801,-71.060432 42.361129,-71.066383 NORTHWEST
42.365013,-71.054079 42.362920,-71.051494 SOUTHEAST
42.365013,-71.054079 42.363838,-71.057243 SOUTHWEST
42.365013,-71.054079 42.361229,-71.053295 SOUTH
42.365013,-71.054079 42.362017,-71.052609 SOUTH
42.365013,-71.054079 42.362239,-71.051062 SOUTHEAST
42.365013,-71.054079 42.363838,-71.057243 SOUTHWEST
42.365013,-71.054079 42.362792,-71.051929 SOUTHEAST
42.365013,-71.054079 42.362239,-71.051062 SOUTHEAST
42.365013,-71.054079 42.362017,-71.052609 SOUTH
42.365013,-71.054079 42.364368,-71.058209 WEST
42.356738,-71.053086 42.352513,-71.059397 SOUTHWEST
42.356738,-71.053086 42.361697,-71.057304 NORTHWEST
42.356738,-71.053086 42.361697,-71.057304 NORTHWEST
42.356738,-71.053086 42.358000,-71.060461 WEST
42.356738,-71.053086 42.361557,-71.053922 NORTH
42.356738,-71.053086 42.362480,-71.058376 NORTHWEST
42.356738,-71.053086 42.362017,-71.052609 NORTH
42.356738,-71.053086 42.359096,-71.058945 NORTHWEST
42.356738,-71.053086 42.360721,-71.055893 NORTHWEST
42.356738,-71.053086 42.361432,-71.054905 NORTH
42.349368,-71.086815 42.356593,-71.067615 NORTHEAST
42.349368,-71.086815 42.356698,-71.069703 NORTHEAST
42.349368,-71.086815 42.356698,-71.069703 NORTHEAST
42.349368,-71.086815 42.357155,-71.071884 NORTHEAST
42.349368,-71.086815 42.357377,-71.070548 NORTHEAST
42.349368,-71.086815 42.357018,-71.069875 NORTHEAST
42.349368,-71.086815 42.357377,-71.070548 NORTHEAST
42.349368,-71.086815 42.357155,-71.071884 NORTHEAST
42.349368,-71.086815 42.356698,-71.069703 NORTHEAST
42.349368,-71.086815 42.356593,-71.067615 NORTHEAST
42.353524,-71.057801 42.356554,-71.052300 NORTHEAST
42.353524,-71.057801 42.357760,-71.052466 NORTHEAST
42.353524,-71.057801 42.357760,-71.052466 NORTHEAST
42.353524,-71.057801 42.358275,-71.061496 NORTHWEST
42.353524,-71.057801 42.357760,-71.052466 NORTHEAST
42.353524,-71.057801 42.354773,-71.051428 EAST
42.353524,-71.057801 42.358649,-71.054373 NORTHEAST
42.353524,-71.057801 42.358275,-71.061496 NORTHWEST
42.353524,-71.057801 42.361697,-71.057304 NORTH
42.353524,-71.057801 42.356685,-71.051520 NORTHEAST
42.364368,-71.058209 42.360509,-71.053155 SOUTHEAST
42.364368,-71.058209 42.358819,-71.057832 SOUTH
42.364368,-71.058209 42.363377,-71.063611 WEST
42.364368,-71.058209 42.363917,-71.063468 WEST
42.364368,-71.058209 42.360509,-71.053155 SOUTHEAST
42.364368,-71.058209 42.358000,-71.060461 SOUTH
42.364368,-71.058209 42.363917,-71.063468 WEST
42.364368,-71.058209 42.362174,-71.063800 SOUTHWEST
42.364368,-71.058209 42.359631,-71.051804 SOUTHEAST
42.364368,-71.058209 42.364010,-71.063423 WEST
42.358771,-71.071715 42.361148,-71.064558 NORTHEAST
42.358771,-71.071715 42.356511,-71.061982 EAST
42.358771,-71.071715 42.357905,-71.062749 EAST
42.358771,-71.071715 42.359408,-71.063957 EAST
42.358771,-71.071715 42.357905,-71.062749 EAST
42.358771,-71.071715 42.361137,-71.065156 NORTHEAST
42.358771,-71.071715 42.364648,-71.067096 NORTHEAST
42.358771,-71.071715 42.358071,-71.064714 EAST
42.358771,-71.071715 42.363423,-71.066915 NORTHEAST
42.358771,-71.071715 42.361286,-71.063829 NORTHEAST
42.355247,-71.052069 42.362480,-71.058376 NORTHWEST
42.355247,-71.052069 42.356709,-71.060238 WEST
42.355247,-71.052069 42.361472,-71.057730 NORTHWEST
42.355247,-71.052069 42.362381,-71.053162 NORTH
42.355247,-71.052069 42.353381,-71.059852 WEST
42.355247,-71.052069 42.362792,-71.051929 NORTH
42.355247,-71.052069 42.359096,-71.058945 NORTHWEST
42.355247,-71.052069 42.353337,-71.057880 SOUTHWEST
42.355247,-71.052069 42.362480,-71.058376 NORTHWEST
42.355247,-71.052069 42.352513,-71.059397 SOUTHWEST
42.362381,-71.053162 42.365462,-71.058395 NORTHWEST
42.362381,-71.053162 42.360900,-71.061317 WEST
42.362381,-71.053162 42.359096,-71.058945 SOUTHWEST
42.362381,-71.053162 42.357700,-71.053366 SOUTH
42.362381,-71.053162 42.366002,-71.060224 NORTHWEST
42.362381,-71.053162 42.358649,-71.054373 SOUTH
42.362381,-71.053162 42.358845,-71.057136 SOUTHWEST
42.362381,-71.053162 42.358845,-71.057136 SOUTHWEST
42.362381,-71.053162 42.366002,-71.060224 NORTHWEST
42.362381,-71.053162 42.365455,-71.061152 NORTHWEST
42.359249,-71.054266 42.362817,-71.054303 NORTH
42.359249,-71.054266 42.363181,-71.051587 NORTHEAST
42.359249,-71.054266 42.354483,-71.059138 SOUTHWEST
42.359249,-71.054266 42.363879,-71.058429 NORTHWEST
42.359249,-71.054266 42.362817,-71.054303 NORTH
42.359249,-71.054266 42.363377,-71.057199 NORTHWEST
42.359249,-71.054266 42.361307,-71.062865 WEST
42.359249,-71.054266 42.362920,-71.051494 NORTHEAST
42.359249,-71.054266 42.360900,-71.061317 WEST
42.359249,-71.054266 42.355737,-71.058914 SOUTHWEST
42.357650,-71.055290 42.361683,-71.051924 NORTHEAST
42.357650,-71.055290 42.362545,-71.055814 NORTH
42.357650,-71.055290 42.361565,-71.055182 NORTH
42.357650,-71.055290 42.363556,-71.058984 NORTHWEST
42.357650,-71.055290 42.361229,-71.053295 NORTH
42.357650,-71.055290 42.363985,-71.060477 NORTHWEST
42.357650,-71.055290 42.362176,-71.062269 NORTHWEST
42.357650,-71.055290 42.361229,-71.053295 NORTH
42.357650,-71.055290 42.362176,-71.062269 NORTHWEST
42.357650,-71.055290 42.362176,-71.062269 NORTHWEST
42.357292,-71.072654 42.359319,-71.066354 NORTHEAST
42.357292,-71.072654 42.363915,-71.067514 NORTHEAST
42.357292,-71.072654 42.359319,-71.066354 NORTHEAST
42.357292,-71.072654 42.364109,-71.068579 NORTHEAST
42.357292,-71.072654 42.357670,-71.065093 EAST
42.357292,-71.072654 42.359352,-71.064385 EAST
42.357292,-71.072654 42.365439,-71.069164 NORTH
42.357292,-71.072654 42.359347,-71.065039 EAST
42.357292,-71.072654 42.365439,-71.069164 NORTH
42.357292,-71.072654 42.360650,-71.066930 NORTHEAST
42.354362,-71.053673 42.358000,-71.060461 NORTHWEST
42.354362,-71.053673 42.359667,-71.054397 NORTH
42.354362,-71.053673 42.359096,-71.058945 NORTHWEST
42.354362,-71.053673 42.361683,-71.051924 NORTH
42.354362,-71.053673 42.361683,-71.051924 NORTH
42.354362,-71.053673 42.359096,-71.058945 NORTHWEST
42.354362,-71.053673 42.358000,-71.060461 NORTHWEST
42.354362,-71.053673 42.359204,-71.054650 NORTH
42.354362,-71.053673 42.361229,-71.053295 NORTH
42.354362,-71.053673 42.359266,-71.054074 NORTH
42.353846,-71.071676 42.357831,-71.066103 NORTHEAST
42.353846,-71.071676 42.358771,-71.071715 NORTH
42.353846,-71.071676 42.358106,-71.071001 NORTH
42.353846,-71.071676 42.357166,-71.069106 NORTHEAST
42.353846,-71.071676 42.358788,-71.070722 NORTH
42.353846,-71.071676 42.357292,-71.072654 NORTH
42.353846,-71.071676 42.358771,-71.071715 NORTH
42.353846,-71.071676 42.357848,-71.069857 NORTH
42.353846,-71.071676 42.357831,-71.066103 NORTHEAST
42.353846,-71.071676 42.357165,-71.065086 NORTHEAST
42.356624,-71.071669 42.355639,-71.062912 EAST
42.356624,-71.071669 42.358275,-71.061496 EAST
42.356624,-71.071669 42.364021,-71.068612 NORTH
42.356624,-71.071669 42.359567,-71.066843 NORTHEAST
42.356624,-71.071669 42.364021,-71.068612 NORTH
42.356624,-71.071669 42.355639,-71.062912 EAST
42.356624,-71.071669 42.362179,-71.067902 NORTHEAST
42.356624,-71.071669 42.355639,-71.062912 EAST
42.356624,-71.071669 42.364021,-71.068612 NORTH
42.356624,-71.071669 42.358275,-71.061496 EAST
42.355140,-71.057498 42.357809,-71.051928 NORTHEAST
42.355140,-71.057498 42.361290,-71.063716 NORTHWEST
42.355140,-71.057498 42.362152,-71.056507 NORTH
42.355140,-71.057498 42.361432,-71.054905 NORTH
42.355140,-71.057498 42.357886,-71.051349 NORTHEAST
42.355140,-71.057498 42.357886,-71.051349 NORTHEAST
42.355140,-71.057498 42.361393,-71.055313 NORTH
42.355140,-71.057498 42.362017,-71.056740 NORTH
42.355140,-71.057498 42.359266,-71.054074 NORTHEAST
42.355140,-71.057498 42.359106,-71.062448 NORTHWEST
42.366366,-71.058479 42.362930,-71.055326 SOUTHEAST
42.366366,-71.058479 42.361432,-71.054905 SOUTHEAST
42.366366,-71.058479 42.363986,-71.063332 SOUTHWEST
42.366366,-71.058479 42.361697,-71.057304 SOUTH
42.366366,-71.058479 42.361472,-71.057730 SOUTH
42.366366,-71.058479 42.363096,-71.054075 SOUTHEAST
42.366366,-71.058479 42.361920,-71.056911 SOUTH
42.366366,-71.058479 42.362060,-71.054919 SOUTHEAST
42.366366,-71.058479 42.361472,-71.057730 SOUTH
42.366366,-71.058479 42.363568,-71.062106 SOUTHWEST
42.359615,-71.062839 42.357933,-71.055094 EAST
42.359615,-71.062839 42.361393,-71.055313 EAST
42.359615,-71.062839 42.355627,-71.055689 SOUTHEAST
42.359615,-71.062839 42.361278,-71.055824 EAST
42.359615,-71.062839 42.355627,-71.055689 SOUTHEAST
42.359615,-71.062839 42.355503,-71.056529 SOUTHEAST
42.359615,-71.062839 42.365545,-71.061245 NORTH
42.359615,-71.062839 42.353609,-71.060296 SOUTH
42.359615,-71.062839 42.353609,-71.060296 SOUTH
42.359615,-71.062839 42.363594,-71.055866 NORTHEAST
42.356425,-71.052806 42.361472,-71.057730 NORTHWEST
42.356425,-71.052806 42.361697,-71.057304 NORTHWEST
42.356425,-71.052806 42.360823,-71.053716 NORTH
42.356425,-71.052806 42.353381,-71.059852 SOUTHWEST
42.356425,-71.052806 42.360721,-71.055893 NORTHWEST
42.356425,-71.052806 42.361557,-71.053922 NORTH
42.356425,-71.052806 42.362480,-71.058376 NORTHWEST
42.356425,-71.052806 42.361557,-71.053922 NORTH
42.356425,-71.052806 42.353160,-71.060721 SOUTHWEST
42.356425,-71.052806 42.362239,-71.051062 NORTH
42.361232,-71.066972 42.357714,-71.064642 SOUTHEAST
42.361232,-71.066972 42.360231,-71.057302 EAST
42.361232,-71.066972 42.357418,-71.067937 SOUTH
42.361232,-71.066972 42.356453,-71.070043 SOUTHWEST
42.361232,-71.066972 42.365883,-71.063895 NORTHEAST
42.361232,-71.066972 42.357069,-71.071849 SOUTHWEST
42.361232,-71.066972 42.357107,-71.067819 SOUTH
42.361232,-71.066972 42.356208,-71.069440 SOUTH
42.361232,-71.066972 42.357663,-71.058094 SOUTHEAST
42.361232,-71.066972 42.364696,-71.062579 NORTHEAST
42.354362,-71.053673 42.359266,-71.054074 NORTH
42.354362,-71.053673 42.361472,-71.057730 NORTHWEST
42.354362,-71.053673 42.361472,-71.057730 NORTHWEST
42.354362,-71.053673 42.359667,-71.054397 NORTH
42.354362,-71.053673 42.362480,-71.058376 NORTHWEST
42.354362,-71.053673 42.359340,-71.053543 NORTH
42.354362,-71.053673 42.361284,-71.057080 NORTH
42.354362,-71.053673 42.359096,-71.058945 NORTHWEST
42.354362,-71.053673 42.361229,-71.053295 NORTH
42.354362,-71.053673 42.353471,-71.061334 WEST
42.354950,-71.054338 42.361117,-71.055524 NORTH
42.354950,-71.054338 42.360823,-71.053716 NORTH
42.354950,-71.054338 42.362424,-71.058525 NORTH
42.354950,-71.054338 42.359370,-71.053348 NORTH
42.354950,-71.054338 42.353864,-71.062191 WEST
42.354950,-71.054338 42.357366,-71.061074 NORTHWEST
42.354950,-71.054338 42.361010,-71.061229 NORTHWEST
42.354950,-71.054338 42.360900,-71.061317 NORTHWEST
42.354950,-71.054338 42.359370,-71.053348 NORTH
42.354950,-71.054338 42.357366,-71.061074 NORTHWEST
42.355570,-71.072040 42.358832,-71.068695 NORTHEAST
42.355570,-71.072040 42.361731,-71.079238 NORTHWEST
42.355570,-71.072040 42.361731,-71.079238 NORTHWEST
42.355570,-71.072040 42.358839,-71.065082 NORTHEAST
42.355570,-71.072040 42.359352,-71.064385 NORTHEAST
42.355570,-71.072040 42.358071,-71.064714 NORTHEAST
42.355570,-71.072040 42.359062,-71.062891 NORTHEAST
42.355570,-71.072040 42.357174,-71.061273 EAST
42.355570,-71.072040 42.358071,-71.064714 NORTHEAST
42.355570,-71.072040 42.358823,-71.068983 NORTHEAST
42.358337,-71.054208 42.361278,-71.055824 NORTH
42.358337,-71.054208 42.359182,-71.061678 WEST
42.358337,-71.054208 42.356429,-71.060782 WEST
42.358337,-71.054208 42.357051,-71.060363 WEST
42.358337,-71.054208 42.363174,-71.059598 NORTHWEST
42.358337,-71.054208 42.353160,-71.060721 SOUTHWEST
42.358337,-71.054208 42.357905,-71.062749 WEST
42.358337,-71.054208 42.353160,-71.060721 SOUTHWEST
42.358337,-71.054208 42.362060,-71.054919 NORTH
42.358337,-71.054208 42.363206,-71.056947 NORTHWEST
